139	34	105	0
146	37	109	0
133	37	96	0
147	38	109	0
135	38	97	0
164	36	128	0
202	40	162	0
153	37	116	0
220	38	149	33
157	39	118	0
210	36	141	33
170	41	129	0
159	40	119	0
142	32	110	0
159	42	117	0
160	39	121	0
164	41	123	0
194	42	152	0
155	38	117	0
160	40	120	0
161	43	118	0
150	37	113	0
136	34	102	0
129	30	99	0
144	33	111	0
117	30	87	0
141	34	107	0
119	30	89	0
145	40	105	0
123	31	92	0
142	41	101	0
182	41	141	0
163	41	122	0
206	46	160	0
187	42	145	0
202	52	150	0
172	40	132	0
214	56	158	0
130	36	94	0
156	42	114	0
186	42	111	33
182	49	133	0
210	44	133	33
126	36	90	0
229	41	120	68
105	29	76	0
273	41	127	105
88	27	61	0
257	40	112	105
101	33	68	0
263	37	121	105
113	34	79	0
261	34	122	105
114	38	76	0
258	37	116	105
138	36	102	0
288	43	140	105
132	39	93	0
392	59	265	68
141	37	104	0
393	63	225	105
156	36	120	0
392	61	223	108
203	40	127	36
435	68	259	108
190	42	111	37
477	64	265	148
183	43	104	36
404	60	236	108
180	36	108	36
349	46	198	105
157	41	116	0
474	70	260	144
194	47	147	0
455	72	239	144
185	54	131	0
139	34	105	0
142	34	108	0
143	33	110	0
140	36	104	0
154	40	114	0
157	39	118	0
157	40	117	0
134	20	114	0
115	22	93	0
153	30	123	0
133	31	102	0
156	41	115	0
139	32	107	0
172	46	126	0
175	39	136	0
178	35	143	0
135	22	113	0
151	32	119	0
123	22	101	0
165	38	127	0
133	38	95	0
179	44	135	0
158	43	115	0
212	51	128	33
162	34	128	0
252	49	170	33
183	37	146	0
262	45	184	33
187	37	150	0
277	44	200	33
158	32	126	0
322	51	203	68
168	35	133	0
264	46	184	34
216	41	141	34
257	48	175	34
229	40	155	34
229	45	150	34
234	43	157	34
228	41	153	34
241	42	165	34
218	40	143	35
286	42	174	70
224	41	148	35
277	41	166	70
213	38	141	34
251	41	176	34
204	30	139	35
271	36	167	68
153	29	124	0
273	35	170	68
166	33	133	0
258	34	156	68
168	35	133	0
229	35	126	68
162	34	128	0
230	34	128	68
150	32	118	0
243	36	139	68
132	31	101	0
243	35	140	68
135	31	104	0
241	33	140	68
155	35	120	0
226	34	124	68
158	40	118	0
229	35	126	68
166	40	126	0
139	34	105	0
133	37	96	0
156	37	119	0
139	34	105	0
139	34	105	0
160	38	122	0
152	38	114	0
151	38	113	0
145	32	113	0
155	37	118	0
207	39	135	33
177	39	138	0
172	41	131	0
171	40	131	0
214	47	134	33
179	45	134	0
217	49	135	33
187	43	144	0
232	51	148	33
186	41	145	0
238	50	155	33
316	60	256	0
205	47	158	0
314	60	254	0
188	50	138	0
230	43	154	33
209	55	154	0
249	46	170	33
213	56	157	0
257	50	174	33
204	52	152	0
273	53	152	68
339	66	273	0
243	58	152	33
237	53	184	0
215	61	154	0
221	60	161	0
205	62	143	0
262	62	200	0
139	34	105	0
133	37	96	0
142	37	105	0
138	37	101	0
145	33	112	0
170	41	129	0
160	36	124	0
159	45	114	0
131	36	95	0
166	48	118	0
159	41	118	0
156	45	111	0
179	35	144	0
168	41	127	0
167	33	134	0
148	36	112	0
155	44	111	0
120	38	82	0
187	44	110	33
132	38	94	0
173	38	101	34
162	43	85	34
184	45	105	34
164	45	86	33
166	52	114	0
138	45	93	0
169	50	119	0
146	43	103	0
167	42	125	0
143	41	102	0
211	44	134	33
144	38	106	0
218	37	148	33
141	38	103	0
197	42	155	0
146	43	103	0
188	37	151	0
163	44	119	0
193	40	153	0
169	44	125	0
197	43	154	0
188	44	111	33
196	42	154	0
204	46	125	33
204	49	155	0
210	47	129	34
228	48	146	34
208	51	123	34
277	49	194	34
245	56	155	34
240	49	156	35
274	52	152	70
239	50	155	34
256	54	168	34
261	57	170	34
253	51	169	33
252	56	196	0
228	53	175	0
251	60	191	0
265	47	185	33
244	64	180	0
240	55	152	33
246	66	180	0
241	53	155	33
236	65	171	0
251	52	166	33
228	63	165	0
247	49	165	33
224	61	163	0
256	59	163	34
265	66	165	34
252	56	163	33
227	64	163	0
139	34	105	0
147	33	114	0
168	40	128	0
153	35	118	0
165	42	123	0
121	25	96	0
163	42	121	0
160	40	120	0
177	46	131	0
175	40	135	0
179	47	132	0
171	35	136	0
175	58	117	0
159	36	123	0
237	63	174	0
173	39	134	0
226	57	169	0
178	34	144	0
167	45	122	0
153	33	120	0
214	53	161	0
162	32	130	0
228	52	176	0
213	40	140	33
187	43	144	0
217	40	177	0
205	50	155	0
213	46	167	0
180	49	131	0
220	45	175	0
177	41	136	0
206	40	166	0
221	50	171	0
225	45	180	0
228	45	183	0
210	46	164	0
240	49	191	0
195	48	147	0
226	46	180	0
248	50	198	0
224	48	176	0
251	45	206	0
255	53	202	0
197	37	160	0
138	31	107	0
209	39	170	0
188	35	120	33
218	41	177	0
205	40	132	33
242	44	198	0
180	44	136	0
262	42	187	33
181	45	136	0
252	43	176	33
188	48	140	0
267	43	190	34
224	49	141	34
265	45	187	33
201	50	151	0
243	44	199	0
216	55	161	0
244	43	201	0
222	59	163	0
139	34	105	0
139	37	102	0
155	37	118	0
132	35	97	0
153	34	119	0
147	35	112	0
155	34	121	0
140	34	106	0
173	40	133	0
172	53	119	0
139	34	105	0
146	34	112	0
149	40	109	0
152	37	115	0
166	48	118	0
154	43	111	0
153	50	103	0
169	47	122	0
197	50	114	33
216	52	164	0
164	38	93	33
190	36	154	0
180	39	107	34
181	32	115	34
160	39	88	33
151	33	118	0
198	36	92	70
204	42	128	34
162	41	88	33
162	37	125	0
165	43	89	33
162	37	125	0
186	43	110	33
197	33	164	0
221	50	137	34
207	39	134	34
195	41	120	34
163	26	102	35
211	45	96	70
176	29	112	35
214	46	98	70
225	35	155	35
245	53	122	70
214	36	144	34
222	55	133	34
193	36	123	34
222	54	135	33
159	40	119	0
224	53	138	33
183	45	138	0
240	49	158	33
159	35	124	0
254	64	190	0
186	41	145	0
237	61	176	0
190	41	149	0
239	57	182	0
179	42	137	0
223	53	170	0
184	41	143	0
235	54	181	0
221	47	174	0
235	54	181	0
184	47	137	0
238	55	183	0
197	44	153	0
227	54	173	0
224	45	146	33
234	58	176	0
254	43	143	68
216	60	156	0
325	51	206	68
188	47	141	0
249	44	137	68
202	52	150	0
239	39	132	68
238	54	184	0
209	44	132	33
215	55	160	0
188	41	114	33
214	55	159	0
223	47	143	33
233	56	177	0
214	53	128	33
233	55	178	0
226	55	138	33
275	64	211	0
216	56	127	33
288	70	218	0
255	59	128	68
263	69	194	0
228	55	140	33
270	71	199	0
225	51	140	34
310	71	205	34
229	54	141	34
306	66	205	35
271	57	144	70
287	53	199	35
297	59	168	70
270	48	188	34
274	59	181	34
248	54	160	34
234	56	144	34
254	52	169	33
204	56	148	0
226	43	150	33
205	52	153	0
185	44	141	0
201	54	147	0
194	52	142	0
229	54	142	33
189	49	140	0
236	57	146	33
201	51	150	0
232	59	139	34
250	52	164	34
233	60	139	34
263	51	179	33
205	63	142	0
289	49	170	70
240	65	141	34
139	34	105	0
142	34	108	0
147	35	112	0
147	32	115	0
174	37	137	0
194	44	150	0
173	46	127	0
179	43	136	0
139	34	105	0
142	37	105	0
145	36	109	0
172	46	126	0
143	36	107	0
179	45	134	0
158	44	114	0
161	40	121	0
173	44	129	0
177	32	145	0
160	37	123	0
167	41	126	0
166	43	123	0
161	39	122	0
165	41	124	0
162	37	125	0
161	49	112	0
155	40	115	0
182	49	100	33
131	34	97	0
173	46	94	33
127	33	94	0
170	43	94	33
168	35	133	0
210	42	100	68
165	39	126	0
179	43	103	33
199	42	157	0
209	52	124	33
187	43	144	0
181	52	129	0
210	45	165	0
177	48	129	0
234	48	186	0
213	48	132	33
241	49	192	0
207	44	130	33
203	51	152	0
217	43	141	33
215	49	166	0
215	43	139	33
213	46	167	0
242	42	132	68
211	45	166	0
207	44	130	33
197	47	150	0
215	52	129	34
253	47	172	34
202	58	110	34
214	44	136	34
209	50	125	34
250	50	166	34
211	46	131	34
229	47	148	34
206	47	126	33
206	49	157	0
191	50	141	0
253	43	176	34
225	49	141	35
304	60	174	70
228	48	144	36
335	60	167	108
224	47	141	36
328	64	159	105
209	46	163	0
370	66	160	144
210	49	161	0
367	58	165	144
211	50	161	0
358	53	161	144
214	57	157	0
318	55	158	105
199	57	142	0
271	52	151	68
197	54	143	0
262	56	173	33
226	56	170	0
256	56	167	33
203	51	152	0
247	54	160	33
205	53	152	0
260	51	176	33
232	55	177	0
216	49	167	0
224	60	164	0
221	51	170	0
234	63	171	0
189	47	142	0
181	52	129	0
179	43	136	0
233	53	146	34
224	47	143	34
225	53	138	34
223	47	142	34
219	54	131	34
220	47	140	33
189	51	138	0
208	46	128	34
221	52	135	34
197	43	120	34
235	53	149	33
166	43	123	0
240	51	156	33
184	46	138	0
234	55	146	33
207	48	159	0
274	56	184	34
240	49	157	34
217	53	130	34
195	47	114	34
215	53	129	33
179	49	130	0
257	52	137	68
181	50	131	0
289	53	131	105
182	55	127	0
254	55	131	68
189	53	136	0
245	55	120	70
220	55	130	35
139	34	105	0
112	23	89	0
141	22	119	0
122	26	96	0
159	37	122	0
158	40	118	0
152	38	114	0
157	38	119	0
160	42	118	0
149	36	113	0
158	37	121	0
170	37	133	0
170	41	129	0
166	34	99	33
153	34	119	0
128	32	96	0
197	30	134	33
148	46	102	0
234	44	157	33
168	56	112	0
223	50	173	0
180	47	99	34
257	53	169	35
218	48	100	70
257	43	179	35
229	53	106	70
264	51	178	35
213	40	103	70
274	51	187	36
252	38	109	105
241	53	188	0
216	41	107	68
272	54	218	0
182	39	109	34
290	57	200	33
144	43	101	0
329	61	198	70
215	51	129	35
334	65	199	70
205	47	124	34
329	74	221	34
203	42	127	34
340	73	234	33
163	38	125	0
329	68	227	34
199	40	125	34
348	80	234	34
209	47	128	34
341	80	227	34
196	42	120	34
339	76	229	34
232	53	145	34
336	73	230	33
192	49	143	0
335	71	231	33
232	62	170	0
308	81	227	0
223	57	166	0
298	77	221	0
209	52	157	0
303	73	197	33
197	55	142	0
290	62	195	33
169	46	123	0
277	58	186	33
192	47	145	0
287	63	191	33
198	54	144	0
306	74	199	33
165	41	124	0
274	70	170	34
210	46	130	34
274	70	170	34
230	44	152	34
329	67	228	34
211	39	137	35
366	71	225	70
209	43	131	35
347	76	201	70
225	50	140	35
319	64	183	72
266	52	142	72
333	61	200	72
258	48	140	70
285	60	191	34
222	47	142	33
266	61	205	0
187	46	141	0
256	67	189	0
227	48	146	33
271	73	198	0
229	47	149	33
271	64	207	0
196	44	152	0
307	61	212	34
196	42	120	34
270	56	180	34
215	49	132	34
274	63	177	34
224	49	141	34
296	63	199	34
231	60	137	34
276	63	179	34
209	52	122	35
325	68	187	70
197	47	115	35
319	64	183	72
235	51	112	72
316	65	179	72
234	59	103	72
293	68	151	74
306	68	127	111
302	64	162	76
335	58	125	152
322	68	180	74
299	61	130	108
284	68	180	36
297	62	130	105
248	61	187	0
286	60	121	105
254	60	194	0
305	59	141	105
251	57	194	0
270	56	146	68
259	56	203	0
267	58	139	70
289	57	198	34
247	60	153	34
289	56	199	34
270	59	177	34
281	59	188	34
243	62	147	34
267	56	177	34
222	59	129	34
255	56	165	34
223	58	130	35
282	54	160	68
217	68	149	0
295	56	171	68
218	63	155	0
276	50	158	68
245	64	181	0
276	44	162	70
327	69	223	35
257	46	143	68
304	69	235	0
219	46	140	33
302	71	231	0
191	47	144	0
244	64	180	0
213	55	158	0
244	64	180	0
180	48	132	0
314	70	244	0
208	50	158	0
264	70	194	0
208	50	158	0
250	70	180	0
214	50	164	0
286	73	179	34
251	50	167	34
271	72	164	35
279	54	155	70
271	67	170	34
243	53	156	34
280	77	169	34
247	52	161	34
286	80	173	33
225	53	172	0
248	79	169	0
254	50	171	33
246	73	173	0
298	47	218	33
251	83	168	0
303	44	191	68
267	81	186	0
339	42	189	108
310	79	195	36
361	44	209	108
366	80	249	37
398	45	201	152
397	81	242	74
393	47	235	111
331	83	174	74
377	46	223	108
139	34	105	0
138	34	104	0
163	37	126	0
156	37	119	0
141	37	104	0
150	35	115	0
164	34	130	0
195	46	149	0
236	51	152	33
197	43	154	0
250	44	173	33
188	40	148	0
233	50	150	33
191	43	148	0
235	54	147	34
204	45	125	34
225	46	145	34
219	44	141	34
224	51	139	34
212	44	134	34
222	55	133	34
211	41	136	34
258	67	157	34
216	42	140	34
228	57	136	35
267	39	158	70
235	47	153	35
264	37	157	70
245	54	156	35
294	54	170	70
250	62	153	35
287	52	165	70
263	61	167	35
304	57	177	70
266	55	176	35
304	55	179	70
279	62	182	35
278	43	165	70
292	60	197	35
280	44	166	70
305	60	210	35
280	46	162	72
328	61	195	72
288	48	168	72
303	57	172	74
334	58	168	108
254	52	166	36
334	55	174	105
220	52	168	0
314	56	190	68
226	51	175	0
316	51	197	68
215	47	168	0
296	44	184	68
172	39	133	0
263	40	155	68
172	43	129	0
249	49	167	33
166	47	119	0
240	43	164	33
146	44	102	0
266	41	155	70
192	44	113	35
306	46	190	70
225	42	149	34
291	53	204	34
221	44	143	34
288	54	201	33
226	49	177	0
275	54	188	33
192	44	148	0
292	54	205	33
197	46	151	0
253	46	174	33
178	47	131	0
240	49	157	34
218	48	136	34
230	44	151	35
261	49	142	70
222	45	142	35
217	41	106	70
254	42	178	34
199	42	123	34
249	39	176	34
190	42	114	34
234	34	166	34
235	49	152	34
278	45	199	34
228	50	145	33
246	45	201	0
216	51	131	34
278	49	195	34
231	48	149	34
282	53	196	33
224	56	168	0
139	34	105	0
142	34	108	0
141	35	106	0
139	34	105	0
146	37	109	0
130	37	93	0
148	35	113	0
138	36	102	0
142	35	107	0
156	37	119	0
171	33	138	0
173	39	134	0
187	32	155	0
201	43	158	0
187	33	154	0
207	42	165	0
196	40	156	0
203	38	165	0
204	40	164	0
209	37	172	0
216	46	170	0
185	34	151	0
181	46	135	0
191	33	158	0
153	38	115	0
231	36	195	0
151	36	115	0
221	39	182	0
158	39	119	0
181	39	142	0
191	42	149	0
215	43	172	0
174	43	131	0
177	36	141	0
183	44	139	0
203	42	161	0
171	42	129	0
174	41	133	0
203	45	125	33
177	44	133	0
185	39	113	33
159	40	119	0
186	39	114	33
162	43	119	0
201	44	124	33
154	40	114	0
203	45	125	33
146	42	104	0
170	43	127	0
119	37	82	0
160	40	120	0
264	43	188	33
143	38	105	0
268	40	195	33
186	35	151	0
265	40	192	33
178	33	145	0
270	46	191	33
186	38	148	0
268	46	189	33
184	40	144	0
220	41	146	33
182	35	147	0
186	37	149	0
292	54	238	0
252	46	206	0
256	64	192	0
218	46	138	34
303	72	197	34
223	46	143	34
206	53	120	33
269	52	217	0
225	44	148	33
269	53	216	0
187	46	141	0
139	34	105	0
142	34	108	0
159	40	119	0
155	35	120	0
159	40	119	0
149	36	113	0
165	42	123	0
154	36	118	0
193	49	144	0
176	43	133	0
201	48	153	0
177	45	132	0
233	57	176	0
171	44	127	0
269	58	178	33
189	56	133	0
286	53	165	68
193	56	137	0
281	51	162	68
218	57	161	0
307	55	184	68
232	55	177	0
308	58	180	70
253	52	166	35
314	59	185	70
246	53	157	36
343	55	177	111
291	54	165	72
314	54	188	72
300	60	168	72
310	51	187	72
299	56	171	72
327	57	198	72
302	56	174	72
319	60	189	70
269	51	184	34
262	52	176	34
251	52	165	34
214	44	136	34
228	47	146	35
235	41	126	68
175	47	128	0
273	41	124	108
256	52	168	36
329	51	170	108
269	54	179	36
338	52	178	108
276	54	187	35
300	55	175	70
263	52	177	34
274	60	180	34
259	63	162	34
295	62	199	34
255	55	166	34
275	61	180	34
254	57	164	33
257	66	191	0
255	51	171	33
253	58	195	0
264	58	138	68
235	52	183	0
263	52	106	105
213	49	164	0
323	47	128	148
244	47	160	37
352	58	146	148
248	54	157	37
379	59	172	148
265	51	177	37
367	58	161	148
267	58	172	37
368	60	160	148
269	60	173	36
336	59	169	108
281	57	187	37
360	59	153	148
282	58	188	36
320	60	152	108
283	57	191	35
289	56	163	70
263	57	171	35
288	62	156	70
263	57	172	34
302	64	204	34
263	59	170	34
303	67	202	34
276	60	182	34
279	60	185	34
259	60	165	34
238	56	147	35
283	57	156	70
247	58	155	34
247	57	156	34
252	53	165	34
267	54	179	34
304	53	216	35
360	64	224	72
366	53	243	70
335	69	230	36
415	58	246	111
367	68	227	72
377	60	245	72
361	69	218	74
407	63	233	111
324	67	183	74
376	64	201	111
321	64	181	76
412	56	204	152
308	62	172	74
368	58	196	114
341	62	168	111
343	60	209	74
334	67	156	111
329	56	199	74
320	59	150	111
317	61	182	74
307	64	132	111
378	77	227	74
338	64	166	108
309	71	202	36
325	61	156	108
267	68	163	36
323	62	153	108
272	66	171	35
284	61	153	70
285	73	177	35
308	62	174	72
346	68	206	72
332	66	194	72
348	67	209	72
342	68	202	72
336	68	196	72
316	59	187	70
308	65	208	35
314	55	187	72
356	67	215	74
374	59	204	111
351	64	211	76
443	68	223	152
360	65	221	74
417	76	230	111
334	59	203	72
324	65	187	72
331	69	190	72
328	64	194	70
305	72	198	35
346	68	208	70
311	70	206	35
343	65	208	70
308	72	201	35
360	70	220	70
306	74	197	35
343	75	198	70
334	73	226	35
374	82	222	70
355	74	246	35
378	85	223	70
346	72	239	35
357	89	198	70
340	75	229	36
390	87	195	108
289	65	188	36
388	85	195	108
281	65	180	36
394	87	199	108
265	64	165	36
396	80	211	105
225	64	161	0
363	77	218	68
229	61	168	0
398	75	215	108
259	61	163	35
354	72	212	70
271	63	174	34
295	69	192	34
298	65	199	34
304	71	199	34
297	69	193	35
336	69	197	70
260	58	166	36
382	65	209	108
259	59	164	36
375	64	206	105
226	59	167	0
327	61	198	68
236	55	181	0
329	63	198	68
228	56	172	0
294	61	200	33
238	60	178	0
288	59	195	34
276	60	182	34
278	64	180	34
275	58	183	34
284	66	184	34
273	55	184	34
279	64	180	35
333	61	202	70
286	66	185	35
332	65	195	72
325	68	185	72
325	62	193	70
288	67	185	36
139	34	105	0
142	37	105	0
138	37	101	0
162	38	124	0
155	37	118	0
152	37	115	0
175	36	139	0
153	35	118	0
175	36	139	0
153	37	116	0
157	37	120	0
154	37	117	0
160	38	122	0
174	40	134	0
179	46	133	0
160	41	119	0
181	48	133	0
159	41	118	0
197	44	153	0
129	27	102	0
171	36	135	0
139	34	105	0
146	34	112	0
166	39	127	0
153	37	116	0
163	36	127	0
168	35	133	0
170	38	132	0
171	43	128	0
200	40	160	0
231	49	149	33
200	40	160	0
261	50	143	68
194	32	162	0
270	44	158	68
183	33	150	0
279	45	166	68
204	40	164	0
257	45	144	68
173	35	138	0
221	43	145	33
207	41	166	0
186	45	141	0
183	41	142	0
155	36	119	0
211	51	160	0
152	34	118	0
192	47	145	0
184	46	138	0
194	42	152	0
201	49	152	0
256	49	174	33
195	46	149	0
226	45	148	33
193	51	142	0
232	41	158	33
191	50	141	0
284	48	168	68
196	49	147	0
290	48	174	68
220	46	174	0
316	43	205	68
183	43	140	0
265	46	151	68
178	41	137	0
296	57	134	105
165	38	127	0
338	55	139	144
182	47	135	0
293	48	140	105
190	52	138	0
330	52	173	105
217	57	160	0
328	52	171	105
215	57	158	0
282	56	158	68
207	52	155	0
285	54	163	68
218	52	166	0
281	56	157	68
205	54	151	0
286	59	159	68
200	54	146	0
302	60	174	68
214	59	155	0
332	59	205	68
221	54	167	0
354	61	223	70
261	54	172	35
313	57	186	70
252	47	170	35
297	47	180	70
253	44	174	35
329	54	205	70
259	54	170	35
351	61	220	70
249	53	161	35
353	60	225	68
225	50	175	0
387	62	220	105
220	47	173	0
377	61	211	105
220	45	175	0
394	56	233	105
205	46	159	0
397	58	231	108
243	46	160	37
433	68	217	148
254	49	168	37
432	61	223	148
239	45	157	37
400	62	190	148
230	48	145	37
406	62	196	148
240	43	160	37
400	67	189	144
202	44	158	0
371	70	193	108
230	44	151	35
332	67	195	70
229	47	148	34
307	71	201	35
260	47	145	68
333	77	256	0
277	51	158	68
308	73	235	0
261	49	142	70
347	72	240	35
276	49	157	70
292	78	179	35
244	49	125	70
316	76	206	34
224	54	136	34
337	77	226	34
249	54	161	34
294	77	182	35
303	51	182	70
321	76	210	35
293	55	166	72
351	79	200	72
139	34	105	0
137	34	103	0
131	32	99	0
121	34	87	0
151	35	116	0
137	35	102	0
135	33	102	0
141	35	106	0
140	36	104	0
172	46	126	0
173	43	130	0
221	53	168	0
180	41	139	0
221	54	167	0
185	42	143	0
204	51	153	0
174	39	135	0
206	45	161	0
193	46	147	0
183	42	141	0
226	51	175	0
189	37	152	0
245	51	194	0
174	41	133	0
229	52	177	0
209	39	136	34
339	72	233	34
211	41	137	33
293	66	227	0
229	52	143	34
256	50	172	34
239	55	150	34
256	53	170	33
197	54	143	0
259	42	183	34
238	54	150	34
261	51	176	34
224	43	146	35
313	59	184	70
230	42	153	35
332	67	195	70
236	41	161	34
296	68	194	34
236	42	160	34
318	71	213	34
255	47	174	34
335	72	229	34
245	45	166	34
321	67	220	34
231	39	158	34
300	61	204	35
250	43	137	70
296	55	206	35
263	40	151	72
338	55	209	74
313	42	160	111
326	53	201	72
267	43	152	72
294	50	172	72
266	49	145	72
139	34	105	0
142	37	105	0
146	37	109	0
132	37	95	0
154	38	116	0
142	38	104	0
151	38	113	0
176	48	128	0
169	45	124	0
196	50	146	0
169	42	127	0
214	59	155	0
156	43	113	0
223	68	155	0
158	44	114	0
220	60	160	0
167	43	124	0
243	65	178	0
160	41	119	0
225	64	161	0
162	41	121	0
227	65	162	0
126	26	100	0
244	53	191	0
135	26	109	0
209	47	162	0
157	35	122	0
251	57	194	0
192	33	126	33
252	57	195	0
183	37	113	33
251	57	194	0
186	37	116	33
257	58	199	0
243	43	132	68
254	54	200	0
212	42	137	33
254	56	198	0
199	44	155	0
277	58	219	0
195	45	150	0
220	53	134	33
198	50	148	0
229	48	148	33
205	59	146	0
221	46	142	33
214	63	151	0
220	46	140	34
268	72	163	33
190	47	143	0
290	65	157	68
191	44	147	0
356	58	230	68
257	47	210	0
282	55	159	68
254	43	211	0
306	55	183	68
184	42	142	0
372	58	246	68
186	40	146	0
432	65	262	105
201	41	160	0
424	68	251	105
252	47	205	0
359	63	191	105
233	41	192	0
363	60	198	105
194	38	156	0
325	61	196	68
201	46	155	0
348	60	220	68
242	52	190	0
383	64	211	108
260	56	168	36
388	62	218	108
268	52	180	36
382	65	209	108
299	54	209	36
370	68	194	108
269	50	182	37
415	69	194	152
311	53	182	76
405	70	179	156
358	55	189	114
380	64	202	114
336	43	179	114
369	62	196	111
312	53	185	74
380	63	209	108
325	63	227	35
338	63	205	70
323	66	222	35
316	54	192	70
308	61	213	34
261	51	176	34
307	59	213	35
282	58	154	70
289	63	192	34
346	71	241	34
304	63	207	34
351	64	253	34
295	67	194	34
232	57	141	34
290	63	193	34
294	46	214	34
249	52	163	34
289	47	208	34
257	50	173	34
324	49	240	35
267	54	145	68
200	45	155	0
255	54	133	68
208	43	165	0
288	52	131	105
223	46	177	0
287	54	128	105
245	56	189	0
294	59	130	105
244	56	188	0
304	59	140	105
258	58	200	0
266	54	142	70
284	56	194	34
226	59	133	34
286	61	191	34
212	51	128	33
272	59	213	0
217	52	132	33
270	68	202	0
222	56	133	33
139	34	105	0
138	34	104	0
193	50	143	0
149	36	113	0
181	41	140	0
139	33	106	0
179	48	131	0
172	46	126	0
186	53	133	0
153	41	112	0
141	48	93	0
182	46	136	0
166	51	115	0
221	50	138	33
167	50	117	0
166	51	115	0
176	46	130	0
174	52	122	0
206	54	152	0
174	51	123	0
240	55	185	0
191	46	145	0
208	54	154	0
198	54	144	0
243	56	187	0
204	57	147	0
221	57	164	0
167	53	114	0
224	57	167	0
190	58	132	0
240	57	183	0
193	60	133	0
233	53	180	0
184	56	128	0
232	50	182	0
194	58	136	0
255	54	201	0
224	57	167	0
284	58	226	0
222	58	164	0
276	60	216	0
214	63	151	0
285	62	189	34
248	62	153	33
246	61	185	0
257	57	167	33
265	59	206	0
256	58	165	33
281	69	212	0
238	48	156	34
325	70	221	34
236	53	149	34
308	62	212	34
233	54	145	34
304	64	206	34
224	52	138	34
287	61	191	35
259	50	141	68
244	60	184	0
220	44	143	33
270	61	209	0
248	48	132	68
257	62	195	0
282	50	162	70
302	64	202	36
306	52	146	108
284	61	186	37
351	55	148	148
289	63	190	36
321	59	157	105
244	58	186	0
285	59	158	68
253	58	195	0
318	61	187	70
279	57	187	35
302	58	174	70
331	51	246	34
262	56	172	34
350	60	255	35
306	58	176	72
322	62	188	72
276	54	150	72
321	66	183	72
297	62	163	72
323	66	185	72
305	66	167	72
319	63	184	72
264	56	136	72
273	54	149	70
202	51	116	35
270	54	146	70
205	50	121	34
237	57	145	35
252	55	127	70
236	57	143	36
292	56	128	108
341	80	225	36
278	52	118	108
303	78	189	36
286	53	125	108
298	81	181	36
285	54	126	105
263	82	181	0
239	53	118	68
268	79	189	0
203	50	120	33
302	78	224	0
240	56	151	33
349	75	274	0
247	55	158	34
376	76	266	34
261	55	172	34
411	87	290	34
253	54	165	34
413	92	286	35
293	54	169	70
410	95	280	35
286	50	166	70
404	88	281	35
288	51	167	70
390	85	270	35
288	52	166	70
417	87	296	34
250	57	159	34
289	68	186	35
297	57	168	72
303	68	163	72
298	60	166	72
310	68	170	72
332	57	203	72
292	61	159	72
312	59	181	72
291	61	158	72
300	61	165	74
329	60	158	111
300	63	163	74
327	60	159	108
260	62	162	36
312	60	144	108
260	64	161	35
290	61	161	68
227	63	164	0
328	65	158	105
192	57	135	0
361	59	197	105
221	57	164	0
346	74	204	68
220	59	161	0
358	74	214	70
256	59	162	35
338	62	204	72
268	56	140	72
315	67	178	70
267	62	170	35
345	60	217	68
258	63	195	0
336	63	203	70
270	59	176	35
370	71	229	70
270	60	176	34
339	71	234	34
264	57	173	34
332	73	226	33
190	57	133	0
290	68	189	33
196	53	143	0
359	83	243	33
225	52	173	0
402	75	259	68
191	49	142	0
387	73	246	68
225	53	172	0
357	77	246	34
254	52	168	34
338	70	233	35
292	53	169	70
361	80	247	34
269	54	181	34
306	69	203	34
270	49	187	34
295	65	196	34
269	51	184	34
323	70	219	34
269	52	183	34
321	67	220	34
277	52	191	34
328	68	226	34
301	50	217	34
319	68	217	34
302	50	218	34
391	81	275	35
318	53	193	72
408	73	261	74
360	50	199	111
328	59	195	74
348	49	188	111
310	58	178	74
339	47	181	111
315	62	179	74
345	49	188	108
295	65	194	36
334	48	175	111
337	67	198	72
303	48	183	72
339	69	198	72
283	47	166	70
271	64	172	35
269	50	149	70
281	60	185	36
336	54	174	108
279	63	181	35
307	57	180	70
289	59	194	36
349	63	178	108
273	57	181	35
320	66	182	72
412	68	272	72
344	69	201	74
460	70	279	111
323	59	190	74
459	72	276	111
330	64	192	74
356	61	184	111
319	64	181	74
348	58	179	111
315	63	178	74
358	56	191	111
322	58	192	72
322	61	189	72
335	60	201	74
426	78	237	111
346	64	206	76
395	60	187	148
304	64	204	36
363	57	195	111
332	66	192	74
364	53	200	111
344	58	212	74
358	53	194	111
391	62	257	72
313	50	193	70
347	63	249	35
321	54	197	70
331	65	230	36
372	59	205	108
279	67	176	36
417	67	242	108
245	60	148	37
411	64	199	148
214	53	125	36
370	61	201	108
194	47	111	36
357	61	191	105
166	48	118	0
322	59	195	68
165	49	116	0
372	60	204	108
200	51	114	35
328	59	201	68
183	56	127	0
334	57	172	105
181	54	127	0
368	54	209	105
315	68	247	0
381	62	249	70
365	83	248	34
416	74	308	34
316	84	197	35
343	63	210	70
262	63	164	35
330	58	202	70
249	70	145	34
327	65	228	34
266	71	161	34
358	71	253	34
271	70	167	34
362	74	254	34
258	65	158	35
389	69	250	70
255	62	159	34
358	73	252	33
225	58	167	0
314	67	214	33
214	59	155	0
331	67	231	33
214	57	157	0
332	73	226	33
209	64	145	0
342	79	230	33
192	63	129	0
342	78	231	33
197	63	134	0
346	78	235	33
191	61	130	0
360	80	247	33
190	60	130	0
322	69	220	33
190	62	128	0
354	80	274	0
181	52	129	0
365	83	282	0
180	56	124	0
362	73	256	33
195	58	137	0
392	78	281	33
203	54	149	0
347	75	239	33
193	50	143	0
328	74	221	33
191	52	139	0
396	82	281	33
192	52	140	0
390	86	271	33
162	54	108	0
415	84	261	70
201	54	113	34
396	89	273	34
208	53	120	35
443	86	289	68
221	54	167	0
498	88	305	105
226	52	174	0
555	91	320	144
189	49	140	0
462	76	238	148
188	44	107	37
577	84	345	148
229	50	143	36
519	79	335	105
207	58	149	0
405	68	229	108
265	62	166	37
436	66	222	148
265	57	171	37
465	68	249	148
253	57	159	37
442	74	220	148
251	57	157	37
435	68	215	152
273	58	139	76
418	68	198	152
289	57	156	76
413	68	193	152
267	58	135	74
424	80	233	111
259	58	127	74
464	78	278	108
271	69	166	36
477	80	286	111
305	69	162	74
485	88	283	114
345	68	166	111
452	90	286	76
371	69	150	152
463	94	295	74
353	71	174	108
416	89	292	35
312	69	171	72
411	76	263	72
322	71	179	72
425	73	280	72
331	72	187	72
349	64	213	72
338	67	201	70
312	61	217	34
283	61	189	33
256	56	200	0
231	63	135	33
287	65	222	0
258	63	125	70
262	54	173	35
269	61	138	70
272	57	180	35
274	62	142	70
363	70	257	36
311	66	137	108
241	54	151	36
299	65	126	108
242	52	154	36
280	51	124	105
233	57	176	0
278	53	120	105
223	56	167	0
292	56	131	105
250	61	189	0
254	57	129	68
214	59	155	0
330	60	165	105
334	75	259	0
304	62	174	68
348	79	269	0
348	60	183	105
333	84	249	0
332	61	163	108
270	73	160	37
362	62	152	148
249	63	149	37
336	55	133	148
245	59	150	36
303	57	135	111
268	58	138	72
274	58	144	72
287	60	153	74
304	59	137	108
255	62	157	36
344	58	178	108
295	67	193	35
281	62	149	70
287	63	188	36
324	63	153	108
345	69	240	36
335	64	166	105
299	72	227	0
329	65	159	105
295	62	233	0
338	70	163	105
259	65	194	0
345	65	175	105
304	68	236	0
314	68	176	70
311	67	210	34
285	76	175	34
292	69	189	34
286	71	180	35
291	61	160	70
247	65	146	36
315	61	146	108
252	68	147	37
347	61	134	152
289	67	148	74
321	65	145	111
290	65	151	74
323	62	153	108
288	75	178	35
292	66	156	70
278	71	171	36
331	62	161	108
256	74	145	37
376	58	166	152
306	76	156	74
350	62	177	111
278	66	140	72
344	64	208	72
278	64	142	72
347	64	211	72
279	66	139	74
441	79	251	111
271	63	132	76
344	64	132	148
239	64	139	36
311	64	136	111
280	65	143	72
282	66	146	70
286	68	183	35
338	71	195	72
330	66	192	72
326	71	183	72
326	66	188	72
284	69	141	74
335	59	165	111
316	70	174	72
296	62	164	70
275	67	174	34
248	58	156	34
263	62	167	34
249	68	147	34
288	68	185	35
322	67	185	70
273	65	173	35
330	67	193	70
254	65	154	35
334	65	199	70
252	64	153	35
320	67	181	72
299	65	162	72
349	65	214	70
277	69	173	35
342	70	204	68
236	67	169	0
354	73	213	68
319	76	243	0
357	76	213	68
241	63	178	0
351	74	207	70
266	60	170	36
382	74	200	108
260	55	169	36
397	82	207	108
285	54	195	36
397	86	206	105
247	53	194	0
402	86	211	105
245	51	194	0
368	84	216	68
252	55	197	0
377	81	191	105
252	55	197	0
393	76	209	108
302	60	206	36
384	70	206	108
305	60	208	37
397	67	182	148
335	60	238	37
389	69	168	152
375	59	240	76
397	67	178	152
372	60	238	74
369	61	194	114
424	66	247	111
336	62	198	76
449	66	231	152
329	65	188	76
426	66	208	152
340	65	201	74
402	69	222	111
333	75	184	74
358	60	187	111
335	75	186	74
369	62	196	111
348	77	195	76
409	59	202	148
305	77	192	36
382	64	210	108
315	71	208	36
139	34	105	0
138	34	104	0
161	44	117	0
146	35	111	0
183	39	144	0
181	38	143	0
199	45	154	0
198	45	153	0
184	45	139	0
193	47	146	0
181	42	139	0
179	42	137	0
197	47	150	0
194	46	148	0
225	49	143	33
206	44	162	0
221	42	146	33
208	47	161	0
220	41	145	34
240	44	162	34
231	50	148	33
209	47	162	0
228	46	149	33
215	46	169	0
226	46	146	34
271	53	184	34
195	37	124	34
242	48	160	34
202	36	132	34
253	47	172	34
245	45	166	34
253	50	168	35
263	46	147	70
236	49	152	35
280	50	160	70
218	45	139	34
268	53	181	34
236	50	152	34
267	48	185	34
241	52	155	34
258	52	172	34
210	47	128	35
311	60	181	70
285	59	191	35
315	68	177	70
276	60	181	35
311	62	179	70
278	58	186	34
268	60	174	34
241	49	157	35
311	65	176	70
249	52	162	35
282	60	150	72
261	50	139	72
259	56	131	72
280	63	145	72
249	50	127	72
293	65	156	72
246	50	126	70
270	65	170	35
270	51	149	70
301	67	199	35
362	60	232	70
302	66	201	35
361	62	229	70
302	64	203	35
277	52	153	72
390	66	252	72
260	50	138	72
394	65	257	72
268	50	146	72
359	67	222	70
239	52	152	35
366	63	233	70
243	53	155	35
329	57	202	70
244	56	153	35
318	56	194	68
218	63	155	0
441	65	271	105
203	63	140	0
309	50	151	108
248	61	151	36
302	51	143	108
260	61	164	35
275	52	153	70
246	50	160	36
313	59	146	108
236	48	153	35
271	57	146	68
208	51	157	0
279	57	154	68
224	54	170	0
300	59	173	68
221	61	160	0
279	51	160	68
202	55	147	0
349	49	195	105
260	57	203	0
394	54	196	144
255	57	198	0
388	56	188	144
253	53	200	0
452	65	202	185
273	56	217	0
520	69	266	185
280	52	228	0
499	66	248	185
294	60	234	0
418	61	172	185
225	57	168	0
473	58	187	228
217	55	162	0
429	63	181	185
224	52	172	0
488	58	202	228
236	59	177	0
431	59	187	185
233	51	182	0
434	67	182	185
224	48	176	0
430	64	181	185
322	59	263	0
386	68	174	144
222	51	171	0
356	73	178	105
220	52	168	0
356	76	175	105
211	52	159	0
315	64	183	68
211	52	159	0
332	74	190	68
243	55	188	0
333	76	189	68
233	55	178	0
284	76	175	33
217	54	163	0
296	76	186	34
248	57	157	34
257	68	154	35
267	47	150	70
222	54	134	34
256	54	169	33
207	50	157	0
260	52	175	33
228	57	171	0
256	49	174	33
240	58	182	0
254	52	169	33
233	54	179	0
226	53	173	0
228	58	170	0
257	50	173	34
264	62	168	34
253	48	172	33
227	59	168	0
232	56	176	0
278	66	179	33
237	55	182	0
286	66	187	33
232	56	176	0
279	67	179	33
226	57	169	0
323	69	186	68
338	76	262	0
330	70	190	70
280	68	177	35
345	72	201	72
305	65	168	72
342	75	193	74
326	61	154	111
344	77	193	74
318	59	145	114
377	76	187	114
323	57	152	114
420	75	231	114
334	56	167	111
381	73	236	72
293	57	164	72
387	72	245	70
261	57	169	35
352	58	224	70
246	52	160	34
317	59	225	33
219	54	165	0
323	59	230	34
222	48	139	35
354	66	216	72
258	48	138	72
352	65	215	72
268	55	141	72
378	75	233	70
236	57	143	36
415	78	232	105
190	56	134	0
369	69	230	70
205	50	121	34
349	72	244	33
172	53	119	0
385	69	248	68
169	57	112	0
371	78	223	70
212	58	119	35
358	78	210	70
221	62	124	35
370	79	221	70
226	56	135	35
348	78	200	70
176	50	91	35
311	79	162	70
256	55	167	34
311	80	197	34
227	60	132	35
367	84	211	72
294	55	167	72
373	84	217	72
282	54	156	72
370	79	219	72
304	58	174	72
355	78	203	74
336	60	162	114
389	81	191	117
384	61	163	160
416	84	172	160
351	56	135	160
392	81	151	160
369	55	150	164
461	80	181	200
343	61	162	120
467	79	188	200
301	57	124	120
459	81	173	205
353	59	130	164
447	80	167	200
315	60	135	120
438	72	171	195
275	61	136	78
415	66	154	195
269	64	127	78
434	68	166	200
308	63	128	117
382	66	164	152
278	64	138	76
403	70	185	148
252	65	149	38
431	72	174	185
216	62	154	0
431	67	179	185
223	63	160	0
449	75	189	185
258	71	187	0
425	75	165	185
257	70	187	0
384	74	166	144
275	69	206	0
395	72	179	144
266	68	198	0
443	73	185	185
250	69	181	0
403	64	154	185
279	70	209	0
462	67	167	228
279	72	207	0
481	72	181	228
249	66	183	0
503	73	202	228
258	64	194	0
511	70	213	228
220	61	159	0
461	69	207	185
212	61	151	0
453	66	202	185
210	60	150	0
394	67	183	144
201	63	138	0
353	68	141	144
139	34	105	0
148	34	114	0
143	36	107	0
179	35	144	0
162	34	128	0
211	46	165	0
185	41	144	0
200	41	159	0
231	49	182	0
206	42	164	0
287	52	201	34
263	44	185	34
274	53	188	33
230	46	184	0
311	56	187	68
204	47	157	0
300	52	180	68
226	35	191	0
270	43	159	68
221	34	187	0
286	49	169	68
218	37	181	0
302	51	181	70
270	46	189	35
321	62	189	70
249	52	162	35
369	72	227	70
243	55	152	36
386	67	214	105
221	49	172	0
362	59	198	105
216	53	163	0
368	60	203	105
227	57	170	0
371	57	209	105
231	64	167	0
392	57	191	144
230	72	158	0
348	56	187	105
252	75	177	0
348	56	187	105
244	64	180	0
315	58	189	68
252	61	191	0
263	60	170	33
240	62	178	0
260	60	167	33
230	58	172	0
259	59	167	33
265	58	207	0
245	58	154	33
251	60	191	0
294	59	167	68
261	53	208	0
274	62	179	33
252	54	198	0
266	55	177	34
272	47	191	34
271	57	180	34
261	49	179	33
225	59	166	0
245	49	163	33
198	52	146	0
219	49	170	0
227	49	145	33
243	53	190	0
250	54	163	33
248	56	192	0
242	52	157	33
225	52	173	0
212	51	161	0
227	54	173	0
183	49	134	0
194	44	150	0
207	55	152	0
202	50	152	0
242	61	181	0
223	47	176	0
251	59	192	0
214	50	164	0
239	57	182	0
227	51	176	0
241	62	179	0
214	54	160	0
248	63	185	0
246	57	155	34
288	65	189	34
242	54	154	34
278	62	182	34
245	50	162	33
284	62	222	0
275	54	188	33
282	62	220	0
260	51	175	34
272	58	180	34
259	45	180	34
224	40	149	35
329	54	205	70
262	45	182	35
139	34	105	0
137	34	103	0
109	21	88	0
141	22	119	0
154	40	114	0
137	32	105	0
157	42	115	0
164	37	127	0
168	48	120	0
150	34	116	0
227	55	172	0
200	47	153	0
155	33	122	0
123	35	88	0
165	38	127	0
179	46	100	33
167	42	125	0
177	46	98	33
189	42	147	0
204	49	122	33
196	45	151	0
171	50	121	0
199	45	154	0
186	52	134	0
201	43	158	0
182	55	127	0
211	51	160	0
207	50	124	33
210	53	157	0
201	48	119	34
211	52	125	34
175	48	93	34
256	49	173	34
215	52	130	33
215	48	167	0
221	49	139	33
245	55	190	0
261	50	141	70
296	58	204	34
240	47	158	35
296	53	173	70
212	39	138	35
288	55	163	70
233	44	154	35
305	61	174	70
241	51	155	35
308	71	167	70
219	48	136	35
312	66	178	68
218	53	165	0
281	62	185	34
339	74	231	34
292	67	191	34
139	34	105	0
137	34	103	0
141	35	106	0
156	37	119	0
143	37	106	0
139	34	105	0
137	35	102	0
143	32	111	0
145	32	113	0
233	45	155	33
176	38	138	0
250	54	163	33
172	44	128	0
205	53	152	0
202	47	121	34
230	51	145	34
179	42	103	34
218	34	151	33
194	55	139	0
244	46	165	33
209	53	156	0
248	38	177	33
219	56	163	0
255	50	172	33
239	62	177	0
275	56	186	33
248	69	179	0
261	51	177	33
176	52	124	0
258	43	182	33
198	53	145	0
194	38	123	33
156	49	107	0
211	40	137	34
181	44	102	35
252	41	143	68
148	42	106	0
259	52	139	68
154	42	112	0
259	55	134	70
176	36	105	35
266	56	140	70
177	37	105	35
269	58	139	72
246	51	125	70
242	59	148	35
247	50	127	70
263	54	174	35
257	53	134	70
303	58	210	35
298	57	171	70
297	67	195	35
292	56	164	72
335	67	198	70
262	53	174	35
339	70	199	70
265	54	176	35
335	67	198	70
257	55	166	36
362	66	188	108
243	55	152	36
335	59	171	105
209	56	153	0
301	58	173	70
236	55	147	34
276	61	181	34
241	54	153	34
239	54	151	34
217	46	138	33
183	50	133	0
193	43	116	34
213	52	127	34
188	45	109	34
201	47	120	34
227	48	145	34
227	52	141	34
212	50	128	34
241	55	152	34
219	50	135	34
250	54	162	34
215	53	128	34
273	58	181	34
224	54	136	34
255	57	163	35
268	58	138	72
310	52	186	72
292	57	165	70
272	56	181	35
256	54	132	70
224	46	142	36
303	58	137	108
209	47	127	35
304	66	166	72
270	50	148	72
307	68	167	72
265	50	143	72
276	63	141	72
265	45	150	70
254	67	153	34
222	43	145	34
239	60	144	35
264	46	148	70
239	56	148	35
242	47	125	70
277	56	186	35
265	54	141	70
271	61	175	35
274	56	146	72
278	55	149	74
326	60	152	114
336	56	163	117
371	57	162	152
304	58	170	76
385	53	180	152
257	51	132	74
322	56	155	111
279	59	146	74
321	57	153	111
277	61	142	74
326	55	160	111
367	69	224	74
315	52	155	108
335	67	232	36
321	51	159	111
372	68	230	74
313	52	150	111
367	70	225	72
264	51	143	70
317	74	208	35
260	50	140	70
318	76	207	35
254	48	136	70
342	84	224	34
224	46	144	34
357	86	237	34
231	51	146	34
368	89	245	34
236	54	147	35
404	91	243	70
241	58	147	36
361	87	166	108
220	52	132	36
315	74	133	108
191	46	110	35
311	77	164	70
227	48	143	36
344	87	149	108
257	50	171	36
451	103	240	108
257	51	170	36
460	99	253	108
271	56	179	36
373	83	179	111
309	56	181	72
346	81	191	74
359	58	187	114
395	83	201	111
326	58	192	76
139	34	105	0
122	34	88	0
140	36	104	0
137	36	101	0
142	33	109	0
178	35	143	0
160	37	123	0
193	40	153	0
177	39	138	0
214	39	142	33
183	40	143	0
230	44	153	33
182	37	145	0
202	43	159	0
188	41	147	0
209	41	168	0
199	43	156	0
194	53	141	0
212	35	177	0
163	39	124	0
170	46	124	0
150	45	105	0
174	55	119	0
171	44	94	33
175	52	123	0
187	47	107	33
173	54	119	0
190	44	113	33
174	48	126	0
190	43	114	33
181	49	132	0
238	49	121	68
180	47	133	0
275	51	119	105
188	53	135	0
277	49	123	105
194	49	145	0
282	50	127	105
198	51	147	0
285	47	133	105
195	50	145	0
238	43	125	70
270	58	177	35
287	50	167	70
260	60	165	35
288	53	165	70
268	61	173	34
254	53	167	34
243	51	158	34
252	43	175	34
249	54	161	34
256	43	180	33
219	53	166	0
246	50	163	33
219	53	166	0
243	41	169	33
253	58	195	0
246	50	163	33
278	63	215	0
233	40	160	33
235	54	181	0
244	45	165	34
278	55	188	35
363	60	233	70
270	62	173	35
348	58	220	70
281	66	179	36
350	50	192	108
291	60	196	35
268	49	149	70
259	68	157	34
228	52	142	34
222	57	131	34
236	56	146	34
231	51	146	34
236	56	146	34
222	51	137	34
245	60	151	34
230	51	145	34
266	60	171	35
251	50	131	70
251	57	159	35
279	55	154	70
225	57	133	35
270	61	139	70
252	56	161	35
239	49	118	72
278	56	152	70
199	49	116	34
260	64	162	34
139	34	105	0
137	34	103	0
113	23	90	0
138	22	116	0
122	21	101	0
148	28	120	0
153	37	116	0
149	38	111	0
186	37	149	0
209	37	139	33
141	33	108	0
163	29	101	33
131	32	99	0
166	27	106	33
134	34	100	0
174	28	113	33
213	50	163	0
198	30	135	33
202	47	155	0
234	40	161	33
189	46	143	0
231	40	158	33
191	44	147	0
226	43	150	33
195	49	146	0
208	35	140	33
163	39	124	0
207	37	137	33
156	46	110	0
184	42	108	34
192	40	119	33
207	53	154	0
184	43	108	33
234	56	178	0
250	47	135	68
201	51	150	0
248	49	131	68
198	48	150	0
322	57	160	105
196	47	149	0
139	34	105	0
136	34	102	0
147	31	116	0
150	41	109	0
141	31	110	0
164	45	119	0
151	35	116	0
176	46	130	0
140	35	105	0
200	53	147	0
133	32	101	0
193	52	141	0
139	29	110	0
191	54	137	0
144	33	111	0
183	49	134	0
161	37	124	0
177	45	132	0
226	42	151	33
195	44	151	0
214	45	136	33
195	46	149	0
187	45	142	0
190	48	142	0
198	48	150	0
182	47	135	0
192	50	142	0
175	49	126	0
168	50	118	0
175	49	126	0
185	45	140	0
173	42	131	0
225	43	148	34
226	50	141	35
265	43	152	70
234	51	148	35
279	46	163	70
240	47	158	35
277	46	161	70
249	46	168	35
286	46	170	70
249	45	170	34
250	50	166	34
252	46	172	34
241	49	158	34
233	42	158	33
201	46	155	0
221	41	147	33
184	47	137	0
229	43	153	33
187	46	141	0
250	36	146	68
220	50	170	0
248	44	136	68
231	51	180	0
263	48	147	68
234	51	183	0
288	48	135	105
245	54	191	0
359	47	168	144
234	52	182	0
341	51	182	108
292	60	197	35
294	53	171	70
294	54	205	35
282	51	161	70
288	58	194	36
327	57	162	108
291	59	197	35
282	55	159	68
232	57	175	0
264	48	146	70
266	63	168	35
270	53	147	70
270	64	172	34
245	53	157	35
309	63	178	68
208	53	155	0
264	58	172	34
252	63	155	34
227	51	141	35
289	64	155	70
218	47	137	34
274	58	181	35
247	46	131	70
270	58	177	35
254	46	138	70
289	62	193	34
223	48	141	34
274	58	182	34
225	50	141	34
295	58	203	34
217	43	140	34
295	56	205	34
218	46	138	34
278	55	189	34
215	50	131	34
139	34	105	0
139	34	105	0
140	35	105	0
150	34	116	0
144	37	107	0
143	34	109	0
155	34	121	0
174	40	134	0
155	32	123	0
164	38	126	0
167	33	134	0
142	38	104	0
139	34	105	0
146	37	109	0
135	36	99	0
159	39	120	0
139	38	101	0
171	41	130	0
153	44	109	0
187	47	140	0
171	51	120	0
227	39	188	0
147	38	109	0
183	45	138	0
167	51	116	0
191	41	150	0
213	59	154	0
207	44	163	0
241	60	181	0
222	51	171	0
234	51	183	0
249	56	193	0
203	56	147	0
254	49	172	33
217	55	162	0
253	51	169	33
217	49	168	0
254	49	172	33
234	49	185	0
248	49	166	33
224	48	176	0
252	43	176	33
204	38	166	0
256	47	175	34
234	39	161	34
240	43	164	33
205	42	163	0
245	46	165	34
245	42	168	35
266	44	152	70
251	40	176	35
279	47	162	70
252	41	176	35
276	47	159	70
241	42	163	36
288	42	135	111
294	43	177	74
313	49	153	111
301	49	180	72
279	49	156	74
348	55	182	111
283	48	161	74
336	50	172	114
332	50	168	114
324	47	166	111
258	45	139	74
329	47	174	108
227	44	148	35
268	45	151	72
273	46	157	70
230	45	149	36
300	47	145	108
224	41	147	36
309	49	152	108
223	42	146	35
323	58	195	70
219	41	143	35
309	56	183	70
232	46	152	34
277	56	187	34
242	50	158	34
272	56	181	35
276	50	156	70
267	54	177	36
288	51	129	108
267	53	179	35
263	52	139	72
287	57	156	74
313	53	149	111
288	60	156	72
268	46	148	74
370	58	201	111
314	49	191	74
386	58	217	111
317	50	193	74
384	58	215	111
302	48	178	76
407	55	200	152
310	45	187	78
443	50	193	200
364	51	193	120
415	50	170	195
336	55	205	76
369	52	165	152
329	56	199	74
327	53	163	111
326	58	196	72
315	59	184	72
321	57	192	72
307	57	178	72
335	63	202	70
278	64	179	35
318	66	184	68
237	63	174	0
351	64	182	105
244	65	179	0
347	62	180	105
252	59	193	0
339	56	178	105
271	56	215	0
280	56	156	68
224	47	177	0
285	59	192	34
262	46	182	34
139	34	105	0
108	23	85	0
156	37	119	0
140	36	104	0
145	35	110	0
183	47	136	0
141	34	107	0
179	42	137	0
140	30	110	0
159	45	114	0
135	30	105	0
163	45	118	0
207	44	130	33
173	41	132	0
207	43	131	33
186	49	137	0
210	45	132	33
245	53	192	0
221	38	150	33
204	49	155	0
258	42	183	33
206	52	154	0
221	52	169	0
210	55	155	0
229	50	179	0
221	57	164	0
233	48	185	0
240	59	181	0
236	51	185	0
242	59	183	0
237	50	187	0
270	66	171	33
248	50	198	0
275	71	171	33
242	45	197	0
270	54	183	33
257	45	212	0
254	50	171	33
272	46	226	0
242	53	156	33
264	41	223	0
212	51	161	0
263	44	219	0
214	49	165	0
266	45	221	0
239	53	153	33
267	51	216	0
240	56	151	33
260	47	213	0
214	45	136	33
175	38	137	0
314	73	208	33
190	45	145	0
268	58	142	68
171	43	128	0
267	57	142	68
191	42	149	0
267	56	143	68
196	46	150	0
215	55	127	33
198	45	153	0
215	52	129	34
232	44	154	34
222	56	131	35
349	45	234	70
232	46	152	34
324	49	241	34
240	49	157	34
335	50	251	34
240	45	161	34
326	48	244	34
259	52	172	35
319	49	200	70
263	52	176	35
308	49	189	70
283	53	194	36
346	48	190	108
298	54	208	36
353	54	188	111
339	66	199	74
337	46	180	111
353	66	213	74
359	42	206	111
355	61	222	72
327	50	205	72
366	61	231	74
354	48	198	108
329	64	229	36
353	48	197	108
332	69	226	37
372	49	175	148
299	74	189	36
327	51	165	111
334	76	186	72
139	34	105	0
137	34	103	0
146	31	115	0
167	40	127	0
186	36	150	0
180	44	136	0
232	44	155	33
196	53	143	0
239	45	161	33
167	37	130	0
174	35	106	33
176	38	138	0
222	35	154	33
173	41	132	0
217	36	148	33
182	45	137	0
234	41	160	33
193	49	144	0
277	45	162	70
241	59	147	35
273	44	159	70
244	61	148	35
240	44	126	70
233	64	134	35
238	46	122	70
214	58	121	35
243	40	133	70
203	55	113	35
242	41	129	72
236	42	122	72
246	44	132	70
205	46	123	36
279	42	132	105
166	47	119	0
287	38	141	108
227	60	131	36
308	51	149	108
259	62	162	35
271	52	149	70
269	59	175	35
276	50	154	72
318	61	185	72
256	55	129	72
330	61	197	72
260	53	137	70
243	61	147	35
233	41	122	70
256	60	161	35
237	45	122	70
260	55	170	35
139	34	105	0
146	37	109	0
132	37	95	0
146	28	118	0
101	23	78	0
226	56	170	0
145	35	110	0
206	53	153	0
150	37	113	0
271	57	181	33
165	34	131	0
255	43	179	33
158	22	136	0
303	43	192	68
165	37	128	0
321	60	193	68
170	38	132	0
291	45	141	105
164	38	126	0
296	47	141	108
199	36	128	35
274	43	161	70
257	42	180	35
281	48	165	68
233	44	189	0
212	55	124	33
204	45	159	0
179	47	99	33
185	44	141	0
218	47	103	68
163	35	128	0
222	51	138	33
226	40	186	0
251	56	162	33
234	45	189	0
260	58	168	34
267	49	185	33
224	59	165	0
267	49	185	33
206	56	150	0
244	47	164	33
179	51	128	0
221	47	141	33
175	49	126	0
190	49	141	0
238	67	171	0
177	48	129	0
180	47	133	0
190	53	137	0
183	44	139	0
229	57	138	34
191	45	113	33
336	74	262	0
223	50	140	33
315	76	239	0
229	51	145	33
298	76	222	0
229	50	146	33
321	79	242	0
223	50	139	34
334	75	224	35
275	58	145	72
301	68	159	74
304	57	136	111
292	58	160	74
270	48	114	108
252	61	155	36
285	53	124	108
242	53	154	35
265	55	140	70
267	54	179	34
240	61	145	34
261	49	177	35
341	65	206	70
238	44	160	34
323	67	222	34
233	42	157	34
271	63	174	34
233	42	157	34
332	64	233	35
285	49	166	70
325	66	223	36
331	51	172	108
283	67	181	35
286	54	160	72
285	73	138	74
139	34	105	0
156	37	119	0
135	37	98	0
153	30	123	0
172	44	128	0
146	32	114	0
188	45	143	0
142	24	118	0
194	42	152	0
174	35	139	0
219	46	173	0
142	24	118	0
168	29	139	0
151	26	125	0
181	32	149	0
179	33	146	0
207	46	161	0
221	43	178	0
213	42	171	0
233	48	185	0
214	42	172	0
237	53	184	0
203	44	159	0
240	54	186	0
176	40	136	0
276	55	188	33
182	42	140	0
270	52	185	33
214	47	167	0
205	41	131	33
240	58	182	0
236	48	155	33
218	48	170	0
254	49	172	33
218	50	168	0
227	50	144	33
176	48	128	0
197	49	148	0
162	44	118	0
238	51	187	0
198	46	152	0
269	56	213	0
196	40	156	0
270	65	205	0
254	47	174	33
282	62	220	0
247	46	168	33
308	70	238	0
238	47	158	33
260	64	196	0
217	46	138	33
264	58	206	0
290	49	171	70
302	62	206	34
257	50	173	34
314	59	221	34
234	47	152	35
347	63	214	70
230	48	147	35
399	67	262	70
247	50	161	36
351	52	191	108
190	43	111	36
343	49	186	108
192	42	114	36
376	49	219	108
218	42	141	35
363	54	241	68
197	41	156	0
365	53	244	68
179	49	130	0
333	53	212	68
166	47	119	0
366	56	205	105
153	46	107	0
395	59	268	68
173	45	128	0
407	60	242	105
168	45	123	0
358	59	231	68
150	47	103	0
339	56	215	68
155	47	108	0
326	55	203	68
147	44	103	0
324	56	200	68
198	51	147	0
307	56	183	68
193	46	147	0
308	58	182	68
189	47	142	0
289	61	195	33
178	49	129	0
281	65	183	33
205	47	158	0
302	62	207	33
212	47	165	0
300	61	206	33
158	40	118	0
316	65	218	33
173	46	127	0
139	34	105	0
137	34	103	0
145	33	112	0
150	35	115	0
158	39	119	0
147	38	109	0
219	55	164	0
132	38	94	0
220	49	171	0
126	37	89	0
193	36	124	33
141	42	99	0
221	43	145	33
152	45	107	0
183	41	142	0
150	33	117	0
178	32	146	0
165	37	128	0
182	36	146	0
174	47	127	0
191	50	141	0
165	44	121	0
187	50	137	0
156	42	114	0
230	51	146	33
170	46	124	0
221	49	139	33
160	47	113	0
188	50	138	0
162	45	117	0
195	53	142	0
152	40	112	0
181	53	128	0
154	39	115	0
184	50	134	0
176	39	104	33
173	49	124	0
177	41	103	33
166	47	119	0
214	43	103	68
174	50	124	0
214	46	100	68
202	56	146	0
245	50	125	70
238	59	145	34
212	53	125	34
235	48	153	34
233	47	152	34
250	52	164	34
236	52	150	34
254	63	157	34
207	53	120	34
241	58	149	34
215	54	127	34
247	61	153	33
189	56	133	0
292	59	165	68
222	60	162	0
277	63	146	68
217	59	158	0
278	66	144	68
205	58	147	0
260	63	164	33
241	59	182	0
292	62	160	70
327	52	240	35
294	51	173	70
302	58	209	35
309	60	179	70
282	53	195	34
280	60	187	33
248	53	195	0
266	58	175	33
247	48	199	0
228	57	171	0
226	41	185	0
248	58	190	0
221	38	183	0
283	57	193	33
235	37	198	0
326	57	201	68
207	37	170	0
257	48	141	68
222	41	181	0
256	46	140	70
346	61	251	34
224	43	146	35
348	66	210	72
256	44	142	70
312	62	215	35
258	47	141	70
301	60	206	35
288	49	167	72
340	59	209	72
271	47	150	74
383	61	211	111
244	46	124	74
389	60	218	111
234	47	115	72
368	67	229	72
292	51	171	70
324	68	221	35
223	46	107	70
324	68	221	35
223	44	109	70
349	63	251	35
259	44	145	70
272	50	187	35
297	53	174	70
273	47	191	35
292	56	168	68
241	49	192	0
256	48	140	68
243	49	194	0
235	50	152	33
185	42	143	0
255	56	166	33
189	45	144	0
269	60	176	33
208	51	157	0
268	62	172	34
237	50	154	33
248	62	186	0
308	56	184	68
277	64	213	0
336	55	176	105
276	67	209	0
296	55	173	68
295	67	228	0
306	54	184	68
275	67	208	0
272	49	153	70
304	71	198	35
273	51	150	72
329	71	186	72
277	54	149	74
353	66	173	114
331	57	163	111
353	72	207	74
331	50	173	108
322	75	212	35
321	62	189	70
336	72	230	34
279	64	181	34
344	73	237	34
278	59	185	34
329	73	222	34
293	63	196	34
323	75	214	34
277	54	188	35
357	69	218	70
279	56	187	36
390	68	214	108
285	56	194	35
351	67	214	70
301	62	205	34
314	65	214	35
340	59	209	72
378	68	236	74
378	64	203	111
361	67	222	72
333	66	195	72
332	59	203	70
298	67	195	36
362	58	199	105
263	66	197	0
346	60	181	105
271	65	206	0
359	65	189	105
265	70	195	0
325	61	194	70
285	68	182	35
337	62	207	68
250	71	179	0
338	60	210	68
236	67	169	0
341	58	213	70
275	69	170	36
384	61	218	105
263	83	180	0
385	63	178	144
251	83	168	0
349	64	177	108
331	91	204	36
316	63	148	105
284	89	195	0
282	60	152	70
311	84	192	35
283	59	152	72
304	81	151	72
288	56	162	70
266	77	155	34
241	54	153	34
248	69	145	34
260	56	170	34
229	69	126	34
260	61	165	34
233	69	130	34
270	63	172	35
272	67	135	70
279	61	183	35
258	62	126	70
286	58	193	35
282	68	144	70
284	51	199	34
240	65	140	35
321	57	192	72
270	67	129	74
370	62	197	111
252	65	111	76
442	65	225	152
254	67	113	74
395	64	223	108
226	71	120	35
334	58	206	70
223	66	123	34
289	67	188	34
218	61	123	34
282	68	180	34
254	64	156	34
266	66	165	35
286	62	154	70
278	61	182	35
271	61	138	72
373	65	236	72
308	66	172	70
302	66	201	35
304	61	171	72
350	64	214	72
291	67	152	72
307	56	181	70
249	64	150	35
328	55	203	70
249	56	159	34
264	62	168	34
195	49	111	35
273	50	153	70
202	46	121	35
273	50	153	70
187	43	110	34
256	53	168	35
229	37	120	72
296	60	162	74
278	37	130	111
300	66	160	74
139	34	105	0
112	23	89	0
140	22	118	0
152	37	115	0
198	30	135	33
189	44	145	0
225	56	136	33
230	53	177	0
248	59	156	33
213	47	166	0
194	47	114	33
167	48	119	0
194	45	116	33
165	46	119	0
167	44	123	0
166	43	123	0
179	43	136	0
206	54	119	33
181	39	142	0
251	54	129	68
180	38	142	0
253	51	134	68
178	38	140	0
252	53	131	68
178	40	138	0
303	56	142	105
181	45	136	0
266	52	146	68
278	51	227	0
284	50	166	68
317	56	261	0
299	52	177	70
370	59	277	34
279	54	191	34
367	60	273	34
274	47	193	34
362	51	278	33
217	48	169	0
372	56	283	33
223	47	176	0
388	56	298	34
272	55	182	35
399	53	276	70
313	61	216	36
362	50	204	108
268	53	180	35
301	46	183	72
300	56	174	70
271	46	189	36
324	54	162	108
278	46	195	37
357	49	160	148
295	50	208	37
356	47	161	148
296	58	201	37
373	48	177	148
281	65	179	37
363	47	168	148
285	61	186	38
420	51	179	190
306	69	199	38
399	49	155	195
325	68	179	78
385	50	145	190
295	58	200	37
347	49	146	152
326	64	184	78
374	45	134	195
304	59	169	76
353	59	142	152
298	68	154	76
331	55	120	156
296	49	133	114
305	56	135	114
305	48	143	114
307	62	134	111
274	49	151	74
304	54	136	114
318	42	165	111
294	56	164	74
324	45	165	114
343	50	176	117
406	48	202	156
380	57	209	114
361	53	194	114
367	57	199	111
323	50	201	72
326	54	200	72
317	49	198	70
320	60	224	36
355	48	199	108
295	54	206	35
303	47	188	68
252	51	201	0
276	45	163	68
252	58	194	0
288	48	172	68
264	61	203	0
330	49	176	105
239	64	175	0
455	66	284	105
242	66	176	0
470	63	302	105
254	64	190	0
465	70	290	105
224	54	170	0
416	70	241	105
232	56	176	0
379	68	243	68
229	58	171	0
368	59	201	108
262	58	168	36
346	54	184	108
257	54	167	36
352	56	188	108
268	61	171	36
288	39	141	108
270	62	172	36
284	42	134	108
272	63	172	37
329	44	137	148
271	64	171	36
282	44	133	105
238	64	174	0
284	45	171	68
287	65	222	0
294	51	175	68
261	62	199	0
291	55	168	68
266	63	203	0
303	56	179	68
250	64	186	0
305	57	180	68
263	60	203	0
139	34	105	0
175	36	139	0
146	36	110	0
177	41	136	0
174	45	129	0
186	48	138	0
192	53	139	0
180	49	131	0
197	53	144	0
197	58	139	0
182	54	128	0
182	59	123	0
182	54	128	0
169	56	113	0
228	55	140	33
176	65	111	0
233	60	140	33
174	65	109	0
228	52	143	33
192	62	130	0
203	51	119	33
183	59	124	0
209	55	120	34
217	56	128	33
171	52	119	0
177	52	125	0
215	54	161	0
193	50	143	0
224	61	163	0
160	48	112	0
180	47	133	0
151	44	107	0
178	47	131	0
147	45	102	0
173	44	129	0
141	44	97	0
193	49	144	0
140	39	101	0
231	52	146	33
139	40	99	0
190	49	141	0
144	38	106	0
186	47	139	0
185	43	109	33
184	45	139	0
173	41	98	34
219	48	137	34
176	40	102	34
218	51	133	34
195	48	113	34
244	58	152	34
185	44	107	34
271	56	181	34
222	51	136	35
268	48	148	72
272	54	146	72
269	50	147	72
271	52	145	74
321	53	160	108
243	52	155	36
350	64	178	108
260	50	174	36
301	60	133	108
239	51	153	35
282	64	148	70
239	51	153	35
284	64	152	68
197	48	149	0
284	64	152	68
208	50	158	0
306	72	166	68
216	49	167	0
318	72	178	68
215	52	163	0
313	72	173	68
211	57	154	0
261	67	161	33
200	57	143	0
262	63	166	33
204	58	146	0
259	61	165	33
211	57	154	0
286	60	156	70
246	58	153	35
305	57	178	70
242	62	145	35
300	59	173	68
234	65	169	0
324	68	188	68
234	68	166	0
292	56	168	68
215	63	152	0
252	54	165	33
214	61	153	0
233	55	178	0
243	59	150	34
255	53	168	34
238	61	143	34
274	57	182	35
279	54	155	70
307	64	208	35
293	58	165	70
274	61	178	35
279	63	146	70
256	61	160	35
278	62	146	70
252	53	164	35
295	58	167	70
284	66	183	35
301	58	171	72
322	65	185	72
316	64	180	72
325	61	192	72
327	64	193	70
279	62	182	35
321	64	187	70
282	60	187	35
314	68	176	70
285	55	195	35
313	62	181	70
319	57	227	35
313	63	180	70
309	55	220	34
281	64	183	34
306	58	214	34
276	63	179	34
318	55	229	34
262	60	168	34
331	56	241	34
292	70	188	34
280	58	188	34
290	58	198	34
278	55	189	34
219	51	134	34
317	59	224	34
244	56	153	35
351	55	224	72
274	54	148	72
324	57	197	70
242	61	146	35
287	49	168	70
250	62	153	35
296	48	178	70
259	62	162	35
292	51	171	70
231	57	139	35
334	59	205	70
211	55	121	35
139	34	105	0
140	34	106	0
158	43	115	0
141	37	104	0
149	42	107	0
147	37	110	0
173	41	132	0
164	43	121	0
164	39	125	0
164	35	129	0
148	33	115	0
160	33	127	0
157	41	116	0
172	40	132	0
157	41	116	0
172	37	135	0
156	45	111	0
137	39	98	0
131	44	87	0
147	40	107	0
164	56	108	0
133	34	99	0
154	51	103	0
147	37	110	0
165	46	119	0
143	33	110	0
173	44	129	0
224	51	173	0
218	44	174	0
228	49	179	0
227	50	177	0
227	41	186	0
184	38	146	0
214	43	171	0
187	42	145	0
209	45	164	0
217	39	178	0
218	48	170	0
230	43	187	0
226	47	179	0
211	35	176	0
230	49	181	0
211	33	178	0
240	49	191	0
228	38	190	0
292	54	205	33
228	35	193	0
251	53	198	0
239	36	170	33
235	57	178	0
240	36	170	34
298	57	207	34
280	41	205	34
283	61	188	34
304	46	224	34
295	64	196	35
365	60	233	72
321	60	189	72
371	57	242	72
300	57	171	72
334	59	205	70
266	57	174	35
330	52	208	70
272	54	182	36
436	62	266	108
232	48	148	36
405	56	238	111
277	52	151	74
139	34	105	0
146	37	109	0
136	34	102	0
124	33	91	0
164	46	118	0
137	33	104	0
150	41	109	0
139	35	104	0
201	52	116	33
167	43	124	0
224	43	148	33
175	41	134	0
226	45	148	33
179	45	134	0
241	61	147	33
205	57	148	0
204	52	119	33
191	53	138	0
201	50	118	33
194	55	139	0
211	49	129	33
199	54	145	0
235	50	152	33
192	57	135	0
253	47	173	33
197	59	138	0
229	49	147	33
202	41	161	0
201	42	126	33
195	41	154	0
198	42	123	33
192	43	149	0
200	43	124	33
184	40	144	0
206	42	131	33
201	48	153	0
238	50	155	33
188	47	141	0
251	39	179	33
196	40	156	0
253	39	181	33
177	52	125	0
252	59	160	33
145	48	97	0
217	43	140	34
219	61	123	35
260	47	143	70
237	60	143	34
218	46	138	34
237	59	144	34
285	59	192	34
288	63	191	34
274	61	180	33
260	67	193	0
224	50	140	34
284	64	186	34
226	45	148	33
257	72	185	0
257	49	138	70
286	67	184	35
252	46	136	70
266	64	167	35
246	52	124	70
255	66	155	34
203	51	118	34
266	66	166	34
204	49	121	34
264	65	166	33
171	51	120	0
278	64	181	33
211	47	164	0
334	61	240	33
217	51	166	0
281	56	225	0
250	50	166	34
304	55	216	33
242	58	184	0
275	58	184	33
243	47	196	0
302	56	213	33
237	57	180	0
264	65	165	34
203	49	121	33
239	70	169	0
233	56	144	33
279	66	213	0
211	52	126	33
288	66	222	0
253	51	134	68
298	68	230	0
234	56	144	34
251	66	151	34
215	50	130	35
313	68	175	70
234	48	151	35
313	68	175	70
292	60	197	35
315	68	177	70
250	50	165	35
319	72	179	68
222	47	175	0
302	66	168	68
276	51	225	0
322	66	186	70
256	45	176	35
305	65	168	72
297	47	178	72
305	63	170	72
297	44	179	74
320	60	149	111
297	47	178	72
313	62	179	72
383	64	247	72
310	66	172	72
280	42	166	72
302	62	168	72
139	34	105	0
112	23	89	0
142	22	120	0
139	33	106	0
172	31	141	0
132	31	101	0
159	33	126	0
160	42	118	0
165	43	122	0
161	43	118	0
152	42	110	0
133	37	96	0
172	43	129	0
129	38	91	0
178	41	137	0
149	44	105	0
175	37	138	0
153	37	116	0
140	30	110	0
160	38	122	0
146	33	113	0
173	44	129	0
155	33	122	0
189	40	149	0
217	42	142	33
173	37	136	0
207	36	138	33
192	44	148	0
227	40	154	33
210	42	168	0
260	46	146	68
213	45	168	0
299	52	179	68
190	41	149	0
298	50	180	68
186	40	146	0
139	34	105	0
133	37	96	0
144	22	122	0
142	37	105	0
156	37	119	0
144	35	109	0
218	50	135	33
144	35	109	0
226	57	136	33
144	35	109	0
234	61	140	33
150	36	114	0
191	49	142	0
141	27	114	0
159	52	107	0
122	27	95	0
168	51	117	0
138	27	111	0
185	45	140	0
182	29	120	33
187	46	141	0
198	34	131	33
182	45	137	0
222	52	137	33
207	54	153	0
226	49	144	33
174	52	122	0
236	49	154	33
179	44	135	0
238	49	156	33
178	43	135	0
225	55	170	0
167	40	127	0
206	48	158	0
180	40	140	0
266	49	184	33
155	35	120	0
233	49	151	33
144	33	111	0
212	38	141	33
154	38	116	0
214	40	141	33
151	38	113	0
217	38	146	33
145	38	107	0
231	40	158	33
138	37	101	0
170	35	135	0
154	37	117	0
197	33	164	0
220	41	146	33
214	41	173	0
187	39	115	33
192	37	155	0
196	40	123	33
186	44	142	0
205	43	129	33
213	45	168	0
217	39	145	33
208	42	166	0
239	47	159	33
212	36	176	0
251	55	163	33
212	33	179	0
251	61	157	33
216	44	172	0
239	61	145	33
224	47	177	0
193	48	145	0
226	48	178	0
234	63	137	34
268	46	188	34
239	55	150	34
258	40	183	35
312	56	184	72
285	38	175	72
270	55	143	72
268	40	158	70
234	54	145	35
228	28	130	70
229	51	143	35
226	33	123	70
233	54	144	35
228	33	127	68
201	52	149	0
195	31	131	33
204	55	149	0
166	31	135	0
183	49	134	0
221	38	150	33
183	49	134	0
211	38	140	33
187	49	138	0
234	36	130	68
184	47	137	0
197	35	129	33
200	48	152	0
228	40	155	33
232	56	176	0
234	42	159	33
228	51	177	0
222	38	150	34
251	49	168	34
234	43	156	35
293	54	169	70
241	42	165	34
224	46	144	34
235	40	161	34
200	47	119	34
231	47	150	34
232	51	148	33
188	46	142	0
263	52	143	68
197	43	154	0
275	53	154	68
192	41	151	0
273	53	152	68
192	41	151	0
287	55	164	68
194	38	156	0
263	47	148	68
182	44	138	0
271	42	161	68
212	40	172	0
291	50	173	68
193	38	155	0
285	49	168	68
206	38	168	0
199	39	127	33
179	41	138	0
193	39	121	33
183	42	141	0
221	47	141	33
179	42	137	0
257	53	171	33
195	45	150	0
238	50	155	33
295	62	233	0
214	53	161	0
287	62	225	0
255	52	170	33
201	53	148	0
289	52	169	68
193	50	143	0
302	50	184	68
201	43	158	0
297	52	177	68
214	37	177	0
223	49	141	33
186	41	145	0
256	49	139	68
182	42	140	0
308	52	148	108
236	51	149	36
277	46	120	111
275	51	152	72
237	47	120	70
277	61	181	35
308	56	182	70
277	61	181	35
278	53	153	72
316	61	185	70
244	50	158	36
400	66	223	111
298	52	172	74
425	69	245	111
307	50	181	76
458	74	232	152
306	53	177	76
497	72	273	152
273	49	148	76
484	66	270	148
236	49	150	37
481	66	267	148
234	50	148	36
433	59	269	105
201	52	149	0
438	56	234	148
256	59	159	38
475	56	229	190
245	55	153	37
421	58	215	148
238	53	149	36
369	66	195	108
242	52	155	35
366	66	228	72
289	52	165	72
322	67	183	72
284	50	162	72
420	88	260	72
272	52	148	72
381	81	228	72
282	55	155	72
380	90	218	72
281	53	156	72
301	65	164	72
287	54	159	74
342	65	163	114
331	57	160	114
343	63	169	111
326	60	192	74
359	61	187	111
299	54	171	74
388	56	221	111
310	54	184	72
339	52	217	70
290	58	197	35
295	47	176	72
334	58	204	72
300	53	177	70
318	63	220	35
278	48	160	70
306	55	216	35
273	51	152	70
299	56	208	35
261	41	150	70
306	53	219	34
233	43	156	34
283	56	193	34
249	51	164	34
288	54	200	34
244	53	157	34
276	59	183	34
253	53	166	34
272	59	179	34
256	56	166	34
289	68	187	34
262	50	178	34
291	64	192	35
281	51	158	72
329	66	189	74
324	53	157	114
368	65	192	111
291	54	165	72
331	71	188	72
291	54	165	72
339	66	201	72
277	51	154	72
311	62	177	72
251	54	125	72
323	62	191	70
215	52	128	35
304	62	172	70
217	50	132	35
332	66	196	70
253	55	163	35
331	63	198	70
235	55	145	35
312	60	180	72
269	51	148	70
271	64	172	35
266	49	147	70
276	66	176	34
241	52	156	33
252	66	186	0
258	50	175	33
273	63	210	0
308	57	183	68
251	63	188	0
317	54	155	108
296	69	191	36
329	50	171	108
292	64	191	37
139	34	105	0
139	37	102	0
156	37	119	0
146	35	111	0
158	38	120	0
133	30	103	0
218	41	177	0
153	31	122	0
226	46	180	0
149	30	119	0
219	50	169	0
122	29	93	0
252	52	167	33
174	35	139	0
252	52	167	33
158	36	122	0
242	46	162	34
204	43	127	34
231	54	143	34
201	45	122	34
200	42	124	34
191	38	120	33
201	44	157	0
233	43	157	33
207	45	162	0
244	41	170	33
210	47	163	0
238	43	162	33
199	50	149	0
238	43	162	33
219	48	171	0
235	44	191	0
239	43	163	33
255	47	208	0
203	43	160	0
241	48	193	0
180	47	133	0
213	44	169	0
175	42	133	0
208	44	164	0
242	56	153	33
207	49	158	0
303	63	172	68
225	60	165	0
309	57	184	68
222	57	165	0
274	57	184	33
192	51	141	0
316	59	189	68
202	57	145	0
308	57	181	70
224	55	134	35
311	58	183	70
227	63	129	35
290	54	166	70
230	62	133	35
302	53	181	68
221	58	163	0
302	53	181	68
203	58	145	0
297	51	178	68
209	55	154	0
273	43	197	33
212	50	162	0
299	50	216	33
222	59	163	0
251	44	174	33
216	53	163	0
270	52	184	34
237	51	152	34
273	57	182	34
249	52	163	34
282	55	192	35
295	57	166	72
327	59	198	70
249	54	160	35
330	62	198	70
269	54	180	35
329	58	201	70
266	52	179	35
324	55	197	72
299	50	179	70
305	59	211	35
297	52	175	70
302	59	209	34
278	56	188	34
268	56	178	34
286	60	192	34
272	59	178	35
314	59	183	72
334	60	202	72
291	53	168	70
296	58	203	35
276	50	156	70
257	58	164	35
290	49	173	68
219	56	163	0
258	42	183	33
223	55	168	0
281	41	170	70
277	59	184	34
259	44	182	33
257	64	193	0
288	39	181	68
280	63	217	0
247	40	174	33
270	57	213	0
217	44	173	0
258	54	204	0
220	47	173	0
263	54	209	0
235	48	187	0
262	54	208	0
254	50	204	0
260	57	203	0
276	52	191	33
257	61	196	0
139	34	105	0
137	34	103	0
148	32	116	0
151	36	115	0
163	35	128	0
216	50	166	0
158	39	119	0
191	46	145	0
161	39	122	0
145	33	112	0
152	33	119	0
195	40	155	0
205	43	162	0
170	40	130	0
179	43	136	0
163	35	128	0
187	45	142	0
174	34	140	0
211	49	162	0
157	37	120	0
185	48	137	0
158	35	123	0
197	48	149	0
172	37	135	0
205	45	160	0
199	43	156	0
204	45	159	0
209	45	164	0
208	45	163	0
296	57	239	0
198	45	153	0
284	57	227	0
203	48	155	0
203	43	160	0
187	46	141	0
215	48	167	0
210	53	157	0
238	49	189	0
234	60	174	0
243	53	190	0
245	56	156	33
224	42	182	0
234	47	154	33
218	48	170	0
252	53	166	33
237	56	181	0
227	56	171	0
247	56	191	0
233	52	181	0
237	54	183	0
226	56	170	0
220	50	170	0
185	46	139	0
175	44	131	0
203	53	150	0
177	43	134	0
202	52	150	0
178	43	135	0
200	52	148	0
173	41	132	0
241	54	154	33
177	38	139	0
242	55	154	33
259	47	212	0
265	56	175	34
195	39	121	35
301	54	177	70
198	37	126	35
263	52	141	70
204	36	132	36
305	55	142	108
206	38	132	36
299	49	139	111
258	45	139	74
304	47	149	108
335	67	232	36
343	57	178	108
305	67	201	37
383	50	185	148
301	62	203	36
346	51	187	108
282	60	187	35
318	56	192	70
298	63	200	35
302	55	175	72
316	60	186	70
258	53	171	34
278	60	184	34
217	49	134	34
232	50	148	34
219	54	131	34
311	69	208	34
197	53	109	35
268	50	148	70
225	58	132	35
250	48	132	70
213	56	122	35
274	47	157	70
224	55	134	35
275	51	154	70
223	54	134	35
281	47	164	70
224	54	136	34
231	42	155	34
238	58	145	35
262	40	152	70
222	55	133	34
223	40	149	34
221	51	136	34
220	46	140	34
227	47	147	33
249	60	189	0
263	49	181	33
248	61	187	0
262	47	181	34
275	55	186	34
260	45	181	34
269	54	182	33
201	41	160	0
249	52	164	33
182	44	138	0
235	54	181	0
237	43	161	33
251	50	201	0
139	34	105	0
142	37	105	0
152	35	117	0
170	42	128	0
155	38	117	0
169	42	127	0
141	35	106	0
166	34	132	0
161	38	123	0
162	42	120	0
175	36	139	0
139	42	97	0
214	44	170	0
149	45	104	0
181	40	141	0
124	36	88	0
152	29	123	0
148	38	110	0
170	36	134	0
155	37	118	0
177	43	134	0
222	51	171	0
196	47	149	0
187	48	139	0
179	42	137	0
163	46	117	0
192	49	143	0
167	47	120	0
187	49	138	0
161	45	116	0
187	46	141	0
139	34	105	0
142	34	108	0
155	41	114	0
141	32	109	0
160	38	122	0
167	34	133	0
167	48	119	0
150	24	126	0
148	37	111	0
159	23	136	0
163	37	126	0
143	34	109	0
137	38	99	0
152	34	118	0
149	37	112	0
155	35	120	0
120	38	82	0
136	32	104	0
120	41	79	0
158	36	122	0
160	44	116	0
215	39	176	0
154	45	109	0
196	44	152	0
209	50	126	33
197	48	149	0
205	51	154	0
212	51	161	0
212	57	155	0
226	49	177	0
176	50	126	0
189	43	146	0
243	55	155	33
196	49	147	0
229	52	143	34
251	51	167	33
196	54	142	0
224	49	175	0
214	60	154	0
274	52	189	33
199	54	145	0
278	56	189	33
206	52	154	0
297	68	196	33
220	48	172	0
297	64	200	33
232	46	186	0
304	70	234	0
225	44	181	0
289	68	221	0
261	49	179	33
310	64	246	0
252	56	163	33
270	61	209	0
227	49	145	33
303	64	239	0
207	49	125	33
287	60	227	0
219	48	138	33
276	60	216	0
268	53	182	33
265	55	210	0
225	52	173	0
290	54	236	0
217	49	168	0
296	55	241	0
209	46	163	0
289	56	233	0
230	52	178	0
285	60	225	0
217	53	164	0
288	58	230	0
203	52	151	0
259	52	207	0
227	58	169	0
243	51	192	0
230	58	172	0
240	52	188	0
210	54	156	0
228	54	174	0
270	61	176	33
235	56	179	0
273	65	208	0
234	56	178	0
279	71	208	0
227	55	172	0
276	69	207	0
252	56	162	34
315	74	206	35
293	56	169	68
264	69	195	0
282	52	162	68
244	60	184	0
333	52	173	108
297	70	191	36
348	55	185	108
308	70	202	36
357	54	195	108
322	70	217	35
316	56	190	70
282	66	180	36
355	56	191	108
274	55	184	35
323	57	194	72
302	60	170	72
326	55	199	72
298	65	161	72
300	49	177	74
347	63	173	111
303	50	181	72
310	60	180	70
269	48	186	35
320	56	194	70
281	55	190	36
341	63	170	108
274	51	188	35
289	62	157	70
278	52	192	34
237	61	142	34
290	52	205	33
224	66	158	0
276	48	195	33
223	72	151	0
278	48	197	33
229	66	163	0
273	46	194	33
248	66	182	0
261	48	180	33
241	65	176	0
258	46	179	33
236	64	172	0
227	46	181	0
281	64	184	33
212	47	165	0
307	65	174	68
209	46	163	0
333	70	195	68
197	46	151	0
316	68	180	68
198	47	151	0
320	67	220	33
179	40	139	0
275	61	181	33
188	50	138	0
281	69	178	34
226	53	139	34
284	68	183	33
199	52	147	0
317	63	221	33
214	49	165	0
313	63	217	33
211	47	164	0
295	70	192	33
206	50	156	0
303	71	199	33
186	44	142	0
319	66	219	34
206	42	130	34
329	61	235	33
180	44	136	0
337	64	240	33
193	45	148	0
311	56	221	34
225	49	142	34
303	53	217	33
201	56	145	0
291	52	206	33
192	49	143	0
302	62	206	34
236	50	152	34
315	59	221	35
254	48	136	70
317	68	214	35
249	51	128	70
319	72	212	35
248	52	126	70
313	70	209	34
206	48	124	34
315	71	211	33
201	51	150	0
309	66	209	34
264	58	172	34
287	67	186	34
257	55	167	35
306	71	165	70
234	54	146	34
280	70	176	34
246	59	153	34
264	64	167	33
225	57	168	0
268	69	166	33
217	47	170	0
308	61	214	33
249	53	196	0
312	57	222	33
200	48	152	0
360	60	232	68
221	56	165	0
366	54	244	68
222	61	161	0
343	59	214	70
259	62	163	34
316	59	223	34
232	61	137	34
290	61	195	34
257	68	154	35
327	64	193	70
276	65	176	35
323	64	189	70
297	64	198	35
300	61	169	70
257	64	158	35
289	62	155	72
281	61	146	74
334	62	164	108
264	58	171	35
336	65	199	72
282	55	157	70
287	62	189	36
317	56	153	108
268	59	174	35
306	61	177	68
237	63	174	0
282	61	188	33
245	66	179	0
289	66	190	33
234	60	174	0
393	67	293	33
213	62	151	0
322	60	229	33
202	64	138	0
325	60	197	68
214	62	152	0
295	60	167	68
212	70	142	0
317	66	146	105
187	63	124	0
271	62	139	70
224	67	123	34
348	84	230	34
255	72	149	34
281	72	175	34
266	71	161	34
278	71	172	35
306	68	168	70
267	72	160	35
298	72	154	72
317	70	175	72
302	67	163	72
311	69	170	72
313	68	173	72
312	67	171	74
360	72	177	111
281	62	145	74
370	67	192	111
282	59	149	74
369	71	187	111
280	64	144	72
353	73	208	72
278	67	139	72
342	67	201	74
333	58	164	111
361	67	222	72
292	58	162	72
329	60	197	72
306	56	178	72
337	60	207	70
264	56	172	36
331	54	169	108
271	59	177	35
308	59	179	70
268	52	181	35
313	61	182	70
269	49	186	34
280	66	181	33
248	55	193	0
236	65	171	0
275	59	183	33
256	74	182	0
269	64	172	33
232	66	166	0
272	64	175	33
246	66	180	0
306	55	181	70
291	69	187	35
307	62	175	70
303	72	195	36
342	63	171	108
300	72	193	35
302	63	171	68
404	84	320	0
362	67	190	105
421	73	348	0
353	57	191	105
291	63	228	0
343	51	187	105
326	71	255	0
312	52	190	70
308	63	210	35
365	63	232	70
321	61	224	36
414	64	239	111
386	61	253	72
362	64	224	74
389	59	216	114
405	66	225	114
348	58	173	117
475	72	251	152
139	34	105	0
133	37	96	0
146	37	109	0
139	37	102	0
152	35	117	0
140	42	98	0
150	32	118	0
144	45	99	0
110	20	90	0
129	34	95	0
173	23	150	0
151	32	119	0
185	30	155	0
160	29	131	0
182	46	136	0
175	37	138	0
200	50	150	0
179	37	142	0
252	57	161	34
229	39	157	33
236	61	175	0
220	42	145	33
201	52	149	0
242	43	131	68
211	51	160	0
257	46	141	70
240	49	157	34
226	47	145	34
255	51	170	34
271	56	181	34
201	47	120	34
269	49	187	33
186	48	138	0
342	62	210	70
139	34	105	0
133	37	96	0
111	31	80	0
115	30	85	0
166	31	135	0
138	30	108	0
146	34	112	0
151	34	117	0
120	23	97	0
137	22	115	0
148	38	110	0
146	28	118	0
143	37	106	0
220	43	177	0
159	43	116	0
158	40	118	0
152	46	106	0
172	45	127	0
154	46	108	0
176	48	128	0
186	51	135	0
202	53	149	0
195	54	141	0
197	51	146	0
182	53	129	0
164	48	116	0
187	46	141	0
249	53	196	0
192	46	146	0
172	46	126	0
189	47	142	0
173	44	129	0
202	50	119	33
125	40	85	0
163	53	110	0
156	45	111	0
178	61	117	0
156	40	116	0
197	64	133	0
189	39	116	34
240	65	142	33
157	41	116	0
232	64	135	33
145	34	111	0
225	69	123	33
154	39	115	0
180	64	116	0
206	43	129	34
207	52	120	35
222	46	104	72
251	57	122	72
225	44	111	70
210	55	120	35
226	42	114	70
204	52	117	35
228	39	119	70
194	48	112	34
198	39	125	34
205	48	123	34
205	37	133	35
240	49	119	72
258	41	145	72
241	52	119	70
207	40	132	35
247	53	124	70
274	45	195	34
201	51	115	35
309	47	192	70
212	55	123	34
273	48	192	33
177	51	126	0
242	39	135	68
172	47	125	0
382	64	250	68
205	54	151	0
368	71	263	34
251	56	161	34
371	68	270	33
215	59	156	0
279	56	190	33
224	62	162	0
281	52	161	68
232	58	174	0
271	52	151	68
202	55	147	0
242	50	124	68
193	61	132	0
223	48	142	33
192	59	133	0
287	56	161	70
242	64	144	34
252	55	164	33
204	61	143	0
257	55	169	33
199	58	141	0
230	49	147	34
220	45	140	35
277	54	153	70
220	45	140	35
267	54	143	70
209	46	128	35
331	67	194	70
228	47	146	35
359	65	224	70
200	40	126	34
341	65	242	34
196	39	123	34
341	65	242	34
253	50	169	34
306	63	209	34
250	45	170	35
139	34	105	0
133	37	96	0
139	34	105	0
136	34	102	0
164	42	122	0
149	36	113	0
191	50	141	0
167	45	122	0
197	56	141	0
154	42	112	0
241	60	148	33
169	41	128	0
243	60	149	34
231	45	153	33
211	55	156	0
194	42	118	34
218	57	127	34
167	36	98	33
178	47	131	0
215	41	106	68
211	52	159	0
234	44	122	68
214	52	162	0
192	45	113	34
227	46	147	34
207	48	125	34
238	48	156	34
241	52	155	34
245	46	166	33
227	52	175	0
220	44	143	33
212	48	164	0
207	48	159	0
194	47	147	0
238	48	190	0
204	46	158	0
207	47	160	0
227	51	176	0
242	47	162	33
227	48	179	0
245	49	163	33
287	51	236	0
232	49	150	33
213	43	170	0
234	47	154	33
251	62	189	0
215	49	133	33
259	61	198	0
234	46	155	33
309	64	245	0
247	47	167	33
309	66	243	0
224	51	173	0
313	67	246	0
217	51	166	0
280	67	213	0
277	52	192	33
263	59	204	0
292	49	210	33
271	58	213	0
302	54	215	33
274	58	216	0
278	51	193	34
299	60	206	33
244	54	190	0
342	62	246	34
278	59	185	34
226	49	142	35
285	59	156	70
216	50	131	35
286	65	149	72
226	55	97	74
297	58	125	114
278	55	112	111
259	60	123	76
338	49	141	148
299	64	198	37
376	49	179	148
299	61	201	37
328	47	133	148
240	61	143	36
282	46	131	105
208	58	150	0
269	46	118	105
220	63	157	0
301	50	146	105
253	63	190	0
266	45	113	108
282	63	183	36
257	44	108	105
273	67	206	0
236	34	97	105
243	56	187	0
217	38	111	68
230	54	176	0
222	37	117	68
215	49	166	0
185	42	110	33
230	49	181	0
185	43	109	33
228	49	179	0
193	39	120	34
250	47	168	35
215	36	109	70
248	49	164	35
221	36	115	70
260	53	172	35
237	41	126	70
235	48	152	35
221	41	112	68
291	66	225	0
270	50	152	68
291	66	225	0
278	51	157	70
323	66	222	35
279	49	160	70
317	67	214	36
318	50	157	111
354	70	212	72
293	50	173	70
309	70	204	35
295	48	179	68
276	72	204	0
262	46	146	70
315	65	215	35
263	48	145	70
311	70	206	35
270	46	154	70
281	60	187	34
248	46	168	34
277	59	184	34
215	46	135	34
260	60	166	34
213	54	125	34
255	54	167	34
211	54	123	34
248	51	163	34
260	54	172	34
260	52	174	34
250	60	156	34
276	58	184	34
218	53	131	34
270	58	178	34
224	53	137	34
264	58	172	34
212	49	129	34
256	54	168	34
210	49	127	34
259	58	167	34
192	47	112	33
227	56	171	0
209	49	127	33
207	57	150	0
193	44	116	33
219	56	163	0
215	49	133	33
192	50	142	0
264	53	143	68
186	48	138	0
249	50	131	68
206	58	148	0
212	50	129	33
196	56	140	0
214	52	128	34
263	57	172	34
256	53	169	34
273	59	180	34
254	58	163	33
238	58	180	0
250	57	160	33
271	58	213	0
259	53	173	33
267	60	207	0
263	53	176	34
296	61	202	33
235	54	181	0
306	57	216	33
236	57	179	0
277	55	189	33
240	55	185	0
312	59	219	34
283	58	191	34
316	60	221	35
317	62	185	70
323	58	230	35
319	64	185	70
297	57	205	35
317	63	184	70
300	50	214	36
389	58	223	108
299	54	209	36
437	67	262	108
303	59	208	36
419	68	246	105
256	56	200	0
375	53	217	105
295	68	227	0
348	52	191	105
279	64	215	0
367	49	174	144
273	65	208	0
418	56	172	190
245	57	150	38
411	55	166	190
250	59	154	37
374	54	176	144
182	52	130	0
413	58	170	185
164	44	120	0
396	61	191	144
160	43	117	0
391	61	186	144
162	42	120	0
379	55	134	190
200	46	115	39
438	55	149	234
217	47	132	38
396	51	155	190
226	55	133	38
394	52	152	190
235	54	144	37
331	54	125	152
285	53	156	76
348	52	140	156
331	57	160	114
300	52	137	111
295	64	155	76
347	61	134	152
301	67	158	76
357	57	148	152
314	69	169	76
362	63	147	152
298	63	159	76
361	62	143	156
345	62	169	114
343	65	167	111
304	67	163	74
341	65	165	111
139	34	105	0
137	34	103	0
155	39	116	0
133	29	104	0
133	34	99	0
171	35	103	33
133	28	105	0
189	40	116	33
173	41	132	0
154	38	116	0
171	39	132	0
217	40	177	0
164	37	127	0
152	25	94	33
130	29	101	0
179	27	84	68
134	33	101	0
154	33	88	33
137	35	102	0
206	43	130	33
196	43	153	0
252	45	137	70
241	50	156	35
250	45	135	70
240	47	158	35
250	45	135	70
239	47	158	34
139	34	105	0
146	37	109	0
133	37	96	0
178	39	139	0
141	35	106	0
161	38	123	0
139	35	104	0
154	36	118	0
150	36	114	0
163	34	129	0
192	46	146	0
162	38	124	0
255	48	174	33
153	31	122	0
257	46	178	33
172	34	138	0
278	48	197	33
174	42	132	0
276	50	193	33
165	44	121	0
307	60	214	33
156	44	112	0
310	60	217	33
163	45	118	0
319	59	227	33
166	41	125	0
282	60	222	0
172	42	130	0
325	61	264	0
186	40	146	0
315	61	254	0
180	40	140	0
313	58	255	0
193	40	153	0
305	57	248	0
193	36	157	0
255	53	169	33
178	35	143	0
248	51	164	33
187	40	147	0
237	50	154	33
168	41	127	0
244	51	160	33
179	43	136	0
244	54	157	33
179	45	134	0
239	53	153	33
139	34	105	0
156	37	119	0
148	39	109	0
167	43	124	0
163	50	113	0
179	40	139	0
195	47	148	0
181	38	143	0
212	48	164	0
182	38	144	0
222	46	176	0
174	35	139	0
235	48	187	0
183	35	148	0
262	52	210	0
181	38	143	0
225	47	178	0
185	41	144	0
271	54	184	33
195	40	155	0
253	51	169	33
198	43	155	0
240	52	155	33
184	40	144	0
262	57	171	34
220	36	150	34
262	54	175	33
185	37	148	0
256	52	171	33
195	40	155	0
261	51	177	33
208	41	167	0
256	52	171	33
195	40	155	0
239	52	154	33
156	31	125	0
207	48	126	33
261	55	206	0
237	43	126	68
275	61	214	0
248	46	134	68
270	62	208	0
243	52	123	68
270	61	209	0
231	46	115	70
207	34	139	34
192	46	112	34
222	43	145	34
200	45	121	34
243	50	159	34
197	45	119	33
230	58	172	0
198	43	122	33
285	61	224	0
229	46	150	33
254	55	199	0
189	46	143	0
299	59	240	0
214	44	170	0
234	56	178	0
164	42	122	0
287	58	196	33
178	42	136	0
289	55	201	33
197	45	152	0
298	56	209	33
189	50	139	0
254	53	201	0
197	56	141	0
266	56	177	33
184	53	131	0
310	59	183	68
194	48	146	0
283	57	192	34
245	54	157	34
272	52	186	34
225	50	140	35
309	52	189	68
191	52	139	0
344	53	186	105
165	52	113	0
398	56	194	148
203	56	111	36
381	58	212	111
238	53	111	74
388	59	221	108
200	54	111	35
411	70	271	70
221	53	133	35
399	67	262	70
255	56	164	35
397	65	264	68
165	48	117	0
331	59	204	68
155	42	113	0
317	67	217	33
158	44	114	0
323	67	223	33
175	45	130	0
314	67	214	33
186	49	137	0
354	72	212	70
215	49	131	35
374	76	228	70
240	51	154	35
383	75	238	70
253	53	166	34
362	73	256	33
193	48	145	0
333	64	235	34
232	50	148	34
334	66	235	33
244	60	184	0
367	64	270	33
245	59	186	0
355	67	254	34
276	55	187	34
366	68	263	35
309	58	181	70
347	62	250	35
295	51	172	72
402	75	253	74
333	56	166	111
372	68	228	76
355	58	145	152
372	68	228	76
369	53	168	148
321	59	226	36
341	52	181	108
297	60	201	36
300	52	140	108
361	69	256	36
338	54	176	108
341	63	243	35
273	47	156	70
321	60	226	35
275	47	158	70
335	68	232	35
260	51	137	72
370	67	233	70
225	52	138	35
385	66	249	70
224	47	143	34
343	67	242	34
217	49	134	34
374	74	266	34
214	46	134	34
379	76	269	34
221	47	141	33
297	70	227	0
206	43	130	33
299	69	230	0
189	46	143	0
334	70	264	0
210	54	156	0
354	81	273	0
232	57	175	0
308	75	233	0
278	62	183	33
292	74	218	0
299	65	166	68
332	81	251	0
301	60	173	68
300	78	222	0
308	62	178	68
322	74	248	0
254	59	162	33
343	75	268	0
250	54	163	33
342	74	268	0
228	52	142	34
336	76	226	34
256	54	167	35
352	68	216	68
224	52	172	0
339	60	211	68
177	45	132	0
386	63	218	105
235	48	187	0
378	63	210	105
225	47	178	0
374	63	203	108
267	49	182	36
383	63	212	108
228	52	140	36
384	63	210	111
270	51	147	72
334	63	199	72
283	61	150	72
345	70	201	74
329	60	155	114
