139
147
194
137
146
145
146
143
151
269
148
295
146
286
178
345
221
288
194
261
227
239
192
194
195
185
205
167
202
190
193
212
204
238
193
199
209
193
193
199
202
213
239
213
217
261
201
260
205
248
220
254
207
268
174
236
233
265
255
258
257
284
244
271
274
300
230
285
193
243
194
221
257
181
200
174
232
173
228
170
249
192
258
218
271
201
248
204
250
218
225
216
208
203
198
237
191
225
231
246
207
241
240
233
300
238
251
201
210
196
184
236
189
279
182
262
243
264
264
265
253
307
255
316
250
354
286
362
316
471
275
506
331
498
332
566
321
526
281
458
256
469
139
147
151
171
146
177
161
171
151
160
158
157
222
172
191
155
180
205
235
195
244
213
203
217
177
229
167
289
197
297
209
295
195
263
200
248
196
245
201
196
197
206
164
206
198
248
218
209
214
231
230
218
231
219
209
206
213
223
164
248
192
304
185
242
168
271
129
278
128
252
153
320
178
311
185
291
124
341
113
340
149
332
122
329
126
332
123
327
124
332
147
397
189
414
196
417
204
425
191
390
251
389
211
422
210
139
139
139
148
147
228
158
249
138
256
142
261
173
275
226
263
187
249
204
240
196
204
223
239
219
197
248
184
277
225
354
223
325
234
315
234
322
213
385
218
328
201
307
167
316
181
323
209
354
181
313
192
416
224
417
224
409
218
328
274
318
268
356
269
354
272
306
304
301
269
231
256
284
300
279
259
139
146
169
143
171
162
149
159
173
167
186
177
196
130
203
117
182
169
184
190
215
139
108
140
124
123
153
145
147
148
160
149
152
182
157
207
180
180
181
170
217
214
233
227
147
242
187
223
174
213
162
252
186
221
198
226
233
250
269
259
225
235
194
266
179
291
191
417
214
385
226
405
139
122
133
133
136
122
148
158
181
175
166
175
159
148
162
145
173
151
176
194
198
189
211
204
192
164
179
172
204
171
202
156
201
216
248
232
187
217
212
221
213
237
203
226
175
185
161
177
148
180
158
179
196
175
176
183
198
175
169
180
217
236
200
283
200
270
200
252
185
235
225
194
232
203
240
216
293
221
287
259
283
253
313
288
249
261
208
225
201
281
242
284
211
282
187
224
188
202
180
193
216
222
240
198
198
196
206
184
217
213
245
179
287
176
262
245
285
270
275
243
211
218
226
189
256
185
249
154
231
204
240
174
239
218
259
244
272
190
256
180
276
201
301
228
293
208
327
184
337
197
364
207
307
227
269
204
264
206
276
205
281
202
282
243
319
287
363
249
357
253
313
246
382
256
359
219
351
220
425
259
368
230
398
247
336
277
332
260
365
254
353
304
327
294
291
337
311
344
364
390
349
382
318
387
299
396
258
396
264
438
243
376
295
376
300
399
297
385
246
350
251
372
317
397
357
421
329
400
362
395
373
356
338
315
305
270
301
289
299
300
325
310
318
288
343
315
301
292
309
331
296
313
334
329
293
320
316
316
334
296
303
360
254
347
252
356
232
346
250
307
254
280
281
299
260
286
246
270
256
338
253
377
269
334
253
396
269
403
260
346
278
351
247
260
274
295
274
304
292
344
262
312
295
288
362
257
389
250
352
223
320
224
349
235
353
139
139
126
137
157
183
171
204
139
156
138
127
124
118
123
100
131
133
109
179
150
182
168
167
257
172
233
173
249
175
214
148
246
169
260
209
269
162
308
167
320
165
380
144
363
152
359
150
312
155
322
169
310
198
393
233
360
247
331
248
317
266
323
256
309
393
323
254
359
245
351
231
275
266
271
302
314
379
304
231
311
306
303
279
325
277
338
378
400
249
335
252
378
257
323
229
334
220
315
193
340
202
375
194
340
233
341
250
303
255
341
282
266
305
280
273
290
259
260
283
297
292
286
310
285
278
249
306
285
377
285
342
283
357
240
354
248
320
265
290
310
311
312
262
253
275
237
300
267
411
299
414
332
390
330
433
297
423
264
462
235
462
226
471
231
443
217
442
215
434
216
350
256
364
223
358
256
376
273
436
292
445
330
423
328
386
322
424
295
313
317
332
306
383
267
139
147
167
146
159
162
157
168
158
177
146
186
144
189
155
196
174
210
192
228
208
216
191
189
159
175
198
188
263
190
299
193
272
190
254
193
309
186
263
206
315
217
273
217
258
221
265
189
283
192
296
200
316
230
313
255
359
254
331
261
377
271
369
279
329
293
334
281
379
139
136
157
145
173
147
208
172
199
171
237
179
252
179
233
194
239
188
246
203
262
191
252
230
231
203
259
189
262
189
229
193
246
184
209
149
199
146
194
199
231
196
235
195
280
212
246
244
262
139
257
160
237
168
416
217
468
184
374
195
348
191
344
196
379
223
414
206
379
210
375
192
391
171
356
201
323
197
293
228
264
261
265
291
266
294
272
262
265
252
291
260
288
239
292
206
310
185
348
216
355
184
355
193
355
230
365
232
391
220
346
201
271
261
240
255
222
311
139
137
139
125
145
134
178
144
296
152
308
157
258
177
219
151
222
137
243
135
244
119
212
141
212
142
201
170
215
181
229
179
247
174
242
150
242
175
232
157
176
139
208
142
203
195
206
188
201
193
181
190
198
181
231
207
213
190
232
192
188
189
195
187
177
193
178
220
199
243
190
296
209
295
255
301
287
258
252
348
285
354
251
332
265
296
268
266
232
259
243
257
246
265
258
278
302
287
274
267
314
285
337
337
351
345
342
329
333
287
359
303
373
308
319
334
317
295
356
139
136
147
173
149
155
140
168
168
166
203
180
203
157
208
119
237
125
237
125
170
126
177
124
192
173
219
154
239
191
248
184
223
201
258
205
219
158
204
209
267
175
310
151
280
156
267
164
272
191
337
190
341
195
268
198
270
200
272
161
234
159
195
159
200
176
233
196
268
201
237
212
309
205
313
194
387
223
346
217
346
226
332
219
310
218
298
221
317
260
275
225
268
230
229
208
190
232
227
233
191
226
175
254
210
253
177
269
217
249
236
255
242
242
225
257
232
236
281
218
286
210
312
191
313
215
314
149
313
163
316
167
333
161
356
111
316
116
346
144
422
208
383
200
383
201
364
186
365
225
381
324
397
327
405
386
462
384
414
331
399
282
382
301
337
309
357
332
354
313
322
275
324
240
300
227
325
230
247
248
261
235
264
178
283
129
284
179
300
161
338
195
321
200
312
167
297
168
289
135
351
138
325
135
335
184
290
150
281
167
335
195
316
193
341
152
401
156
432
176
327
203
295
198
266
188
252
171
219
224
226
139
136
146
136
151
157
160
147
184
143
197
179
191
187
228
169
229
158
255
208
287
260
292
278
333
232
295
215
242
240
245
200
255
233
275
213
250
205
255
231
264
241
257
257
257
248
253
220
262
227
271
238
265
243
236
261
195
307
186
286
180
311
184
315
204
283
221
277
252
293
248
302
253
300
296
301
278
293
277
303
295
139
137
143
157
157
167
156
190
121
192
111
194
134
213
151
199
198
206
226
200
218
199
211
200
253
237
194
238
208
214
197
233
246
230
250
222
312
237
304
226
304
230
300
207
263
194
259
195
246
226
207
231
232
237
228
236
219
243
245
219
268
250
276
241
235
234
220
179
150
176
140
240
159
202
161
200
168
206
165
177
274
235
256
225
267
248
240
218
213
222
214
218
229
201
256
139
147
149
157
191
172
200
192
231
197
200
185
204
201
210
192
185
177
199
147
232
143
253
166
250
156
246
177
212
168
236
199
222
191
269
158
188
183
204
193
230
171
214
178
186
148
195
150
207
151
194
153
213
141
276
166
228
182
240
170
224
221
220
226
224
241
215
280
179
300
168
263
183
222
144
189
195
218
175
175
219
205
210
236
281
202
254
184
246
216
262
211
254
194
238
273
243
281
254
301
230
330
237
295
303
340
306
348
317
297
331
300
333
262
334
274
336
267
342
255
355
267
298
240
288
229
312
241
282
139
139
159
146
149
180
149
181
155
183
149
158
130
128
131
137
137
140
137
162
154
124
172
186
171
206
182
217
190
217
197
224
258
214
209
238
204
253
221
251
196
251
168
259
147
226
151
326
194
343
194
304
139
156
149
164
154
153
157
174
181
179
191
193
179
204
192
202
186
203
173
162
149
147
163
155
169
182
162
191
188
220
179
228
224
219
228
232
228
235
237
247
267
236
265
231
247
193
190
193
190
198
248
269
224
204
209
179
216
159
231
162
226
164
271
153
318
160
311
183
330
185
332
184
363
250
324
242
364
244
316
202
332
236
407
205
277
208
326
202
286
206
372
139
137
134
137
137
139
145
206
188
211
210
184
212
159
208
169
212
218
212
191
215
231
226
181
214
190
193
195
205
211
177
184
177
210
178
296
180
301
178
262
178
258
193
280
208
285
207
269
253
248
257
255
257
255
300
293
263
287
290
305
297
276
291
272
260
236
265
269
266
261
253
251
286
252
268
250
278
292
277
304
300
318
303
315
404
324
300
315
387
323
449
317
458
277
320
264
316
273
328
290
363
275
353
279
276
291
229
308
265
380
314
377
294
371
321
428
356
422
371
396
424
379
362
365
362
373
416
325
412
288
394
274
458
254
611
256
482
265
468
281
461
261
425
286
390
273
388
295
359
284
305
296
298
299
265
290
139
142
138
150
138
151
139
156
140
156
150
152
147
178
156
192
197
271
152
244
188
245
173
231
165
198
217
225
235
214
222
226
227
251
230
233
236
220
201
231
243
240
240
257
240
251
280
243
279
251
271
258
277
254
318
241
253
249
263
255
260
197
217
189
199
186
206
184
228
219
164
266
171
286
168
238
192
276
206
258
243
292
251
283
212
302
255
301
283
278
284
283
306
283
292
265
291
257
292
315
257
279
255
266
248
237
241
246
205
250
212
246
215
289
247
316
242
298
257
307
236
331
206
334
196
352
204
356
183
315
183
314
191
284
177
292
216
276
221
241
247
237
229
245
232
269
271
285
306
286
264
321
271
392
269
302
280
292
289
245
279
281
255
274
267
318
212
289
209
338
227
301
225
314
230
300
252
342
280
398
313
413
419
378
437
378
424
375
439
325
302
316
304
334
139
147
168
151
174
151
157
160
162
167
160
167
153
169
159
193
160
193
195
218
199
215
201
253
272
288
217
346
230
294
213
302
219
299
255
276
236
338
218
350
242
327
247
242
245
214
282
213
284
210
291
249
292
277
326
311
299
356
312
403
307
362
431
369
382
321
381
313
379
377
366
384
368
371
278
312
248
264
211
309
207
407
208
370
173
231
153
346
175
346
224
274
214
279
155
334
111
278
171
285
148
329
167
330
174
314
189
312
185
279
206
305
247
357
218
342
229
328
248
403
255
440
268
454
315
507
295
480
326
404
330
355
288
312
304
305
299
264
302
301
303
291
281
289
337
348
313
377
312
360
305
347
335
323
300
139
138
111
143
126
155
118
146
152
154
156
111
147
119
188
133
199
122
170
146
161
181
188
188
239
234
235
220
202
195
189
174
210
164
225
182
228
234
265
283
239
269
215
283
255
284
257
283
252
237
262
237
229
247
221
215
233
239
244
247
250
275
293
223
257
223
248
289
274
324
324
323
279
342
324
339
296
354
296
305
247
321
223
296
256
291
259
318
285
279
368
259
371
244
339
296
233
334
235
344
231
310
266
337
310
341
302
323
314
315
313
342
139
140
136
111
113
173
153
135
167
140
168
166
192
200
174
195
177
210
197
268
174
271
176
229
175
267
191
261
178
241
178
239
186
242
194
240
197
242
215
246
215
232
217
227
212
263
217
286
281
301
248
269
281
282
260
265
234
269
243
226
214
193
215
159
282
197
215
161
185
157
211
178
208
219
218
253
203
274
253
234
273
309
216
339
230
329
203
315
272
325
294
378
315
334
295
306
403
317
366
322
409
291
396
290
394
250
279
226
277
231
302
264
339
302
295
284
302
227
299
196
299
207
240
193
264
193
222
197
214
225
283
195
285
199
259
226
254
237
240
244
243
265
267
262
228
220
226
176
191
192
218
183
207
179
233
216
280
250
309
214
403
211
333
226
355
255
374
262
355
268
326
235
395
219
422
243
440
272
426
276
409
256
417
264
507
290
473
271
386
244
392
249
377
246
323
215
345
185
315
200
247
260
303
284
314
236
370
230
337
203
327
197
291
184
288
207
278
229
293
221
284
219
304
231
298
194
313
184
275
214
281
250
295
271
288
236
435
266
281
209
247
176
315
219
246
226
296
231
290
234
239
218
317
209
274
212
235
228
139
122
124
124
120
135
144
147
164
139
168
150
170
169
190
183
191
231
204
178
192
197
201
211
223
316
235
261
191
265
198
238
237
244
255
230
261
320
265
328
274
339
250
240
290
226
269
226
262
225
266
235
224
203
221
300
228
174
234
259
241
214
242
210
247
216
173
245
218
232
216
193
232
264
244
255
298
277
309
281
301
245
342
261
297
256
377
290
353
291
381
289
361
278
355
233
366
281
368
273
354
319
354
306
279
295
139
136
170
119
168
124
146
211
141
223
151
210
168
252
153
275
189
285
204
261
171
227
159
225
170
236
150
206
186
262
186
222
243
217
229
192
229
201
235
178
245
220
241
216
211
208
233
223
215
229
214
221
207
235
239
242
253
267
238
267
223
267
223
266
218
309
229
280
241
251
246
222
301
234
290
297
268
283
267
270
272
265
339
239
278
236
321
238
280
255
347
262
349
221
351
238
368
233
333
252
320
241
313
235
345
272
320
245
349
275
331
271
318
271
324
282
316
269
317
231
139
142
150
173
172
207
170
166
151
177
168
173
174
230
198
216
193
223
195
222
164
197
209
183
200
232
142
259
140
264
167
305
194
267
185
238
218
204
199
202
215
234
195
218
195
223
227
256
233
246
204
254
215
247
217
271
243
293
228
331
237
276
251
275
272
258
349
251
349
229
315
222
285
254
306
223
301
246
263
272
272
257
246
257
281
277
278
287
286
275
234
290
227
310
245
310
246
313
252
310
270
305
270
312
242
338
240
386
273
350
252
320
262
327
246
278
234
286
194
326
252
319
288
366
265
348
139
138
115
157
129
187
133
175
141
188
120
201
129
213
140
226
143
231
143
238
154
238
140
239
139
284
145
258
151
241
126
213
117
228
120
225
156
240
149
289
228
260
171
270
225
267
172
285
160
351
222
352
217
396
242
419
239
438
258
365
216
365
221
342
199
326
191
319
200
350
206
411
243
466
228
511
253
489
256
537
218
507
185
451
169
490
159
451
126
598
195
523
185
544
185
558
177
491
149
427
154
447
161
468
161
445
161
446
156
469
172
471
176
437
188
405
248
431
240
432
232
464
247
462
224
467
232
428
229
455
251
486
213
491
208
425
167
406
167
443
127
440
148
139
146
146
159
153
148
149
137
115
145
150
154
174
175
176
180
170
173
155
171
144
158
173
172
157
144
125
137
143
155
149
157
270
173
165
162
220
189
209
157
145
164
145
197
214
223
205
203
234
161
262
169
254
205
263
238
231
247
221
249
218
323
189
302
218
210
203
245
177
254
192
288
217
311
139
139
149
111
113
146
158
155
173
170
178
161
190
191
223
193
254
187
246
172
270
159
231
145
205
149
211
141
211
155
233
149
236
161
271
193
274
215
292
222
308
359
281
225
220
224
208
261
218
314
264
253
272
275
293
288
282
283
264
272
289
284
328
295
323
247
282
270
299
275
313
271
281
327
284
273
257
309
278
306
258
304
280
296
358
263
339
260
345
281
354
431
340
445
338
331
355
296
313
272
306
265
325
348
328
344
290
359
271
279
139
137
143
178
119
152
149
143
135
158
167
194
129
213
145
215
152
220
164
191
237
257
217
185
204
192
223
254
208
253
212
216
210
300
203
295
241
304
219
287
200
231
200
239
206
243
206
236
226
233
233
229
229
246
255
295
262
260
199
218
225
189
219
194
217
232
270
167
226
184
196
190
199
227
218
329
259
317
268
289
306
305
307
354
352
331
313
303
313
300
318
301
287
317
264
328
270
327
277
356
283
323
231
359
244
370
232
414
231
391
269
387
242
350
228
298
273
293
202
284
237
284
302
308
304
363
403
409
379
410
272
396
336
385
261
372
252
324
217
302
194
333
299
317
206
320
210
275
217
269
239
318
222
317
204
323
239
323
256
304
222
340
238
394
250
356
300
340
288
313
279
317
314
341
296
329
324
326
276
333
316
293
327
285
339
320
329
325
289
340
288
337
265
324
306
349
353
344
333
328
325
340
386
373
418
329
375
310
370
320
347
300
318
276
287
319
296
276
299
257
302
239
308
255
308
251
336
294
363
291
360
293
365
310
419
276
346
331
415
337
359
139
146
146
159
160
183
180
211
170
229
171
232
175
228
155
263
180
274
189
263
208
269
191
240
211
227
246
223
231
220
233
243
218
242
227
242
230
278
246
275
231
272
213
232
208
268
248
289
238
299
240
309
220
300
211
282
187
297
211
289
210
279
184
275
280
286
179
251
188
261
195
220
176
211
218
252
229
238
290
259
294
250
280
237
280
239
282
230
332
224
327
295
283
303
322
264
263
259
297
256
281
222
319
282
320
380
323
321
282
281
251
315
266
269
243
272
277
230
259
233
264
272
295
274
329
268
340
277
336
243
347
299
312
387
313
289
339
340
388
341
417
315
487
341
403
294
365
291
417
292
396
290
330
271
279
286
274
322
284
334
374
343
400
309
279
355
312
360
139
137
133
144
141
149
133
119
144
164
155
189
177
222
176
214
181
224
172
232
201
243
196
245
176
255
179
260
247
279
239
338
240
332
195
301
223
262
236
284
216
288
139
139
159
152
143
158
162
167
137
129
153
172
160
138
147
137
158
198
162
223
161
148
210
177
235
207
282
209
259
196
268
174
230
150
264
188
266
214
271
161
254
240
253
242
243
241
234
254
274
235
268
234
260
169
298
142
322
130
302
141
273
181
272
187
333
214
273
200
253
183
301
183
401
246
371
282
506
306
504
339
366
378
410
319
402
294
442
139
137
136
154
148
144
179
166
187
164
208
234
155
266
168
268
169
290
181
255
196
224
236
227
292
221
274
224
248
204
205
197
219
226
264
212
272
239
234
274
231
235
201
219
340
239
303
239
257
270
291
305
293
268
277
268
278
218
306
217
290
222
279
223
246
215
219
227
247
284
224
328
223
332
261
291
296
348
348
253
446
268
457
233
423
248
371
139
137
137
135
167
149
178
153
179
169
159
170
156
201
165
188
167
190
144
207
135
190
156
190
133
207
139
205
156
186
171
186
162
200
150
191
158
218
155
203
175
244
179
228
197
239
205
227
227
263
198
268
194
332
192
323
181
333
186
244
170
254
156
261
159
224
165
215
194
221
216
208
209
248
214
211
246
178
203
175
254
172
233
213
243
150
287
130
232
158
193
162
233
184
237
182
236
240
257
237
291
216
327
225
329
232
334
239
331
255
333
246
265
221
305
322
286
308
250
315
245
356
213
306
222
224
230
257
223
241
193
406
270
305
277
307
193
264
231
284
232
290
237
297
212
280
247
242
289
220
282
225
291
230
260
223
261
251
308
285
265
234
240
238
250
249
258
291
257
312
328
270
334
275
363
247
340
222
263
216
268
256
231
222
242
248
207
247
219
244
208
250
202
250
266
267
295
300
297
363
246
400
257
387
258
380
240
356
226
308
271
312
139
146
130
146
134
164
145
182
223
176
161
189
155
206
175
223
211
226
207
232
210
224
183
215
232
225
180
286
160
222
134
250
120
250
121
251
133
316
174
350
182
317
197
329
243
329
215
322
226
293
244
277
269
283
243
277
234
278
249
268
291
236
269
252
268
249
269
233
254
238
233
231
269
240
281
243
260
244
275
243
301
240
303
235
278
249
312
264
316
252
278
258
333
246
300
216
270
219
272
270
264
272
264
277
273
275
266
237
297
200
325
214
321
267
328
262
313
210
280
214
282
210
303
239
311
254
283
299
274
267
304
267
343
252
381
254
391
256
376
246
424
325
445
314
425
338
491
359
440
328
421
337
448
371
486
319
465
269
451
244
439
254
393
251
359
251
348
214
360
246
360
244
391
241
363
243
410
225
434
261
389
241
358
252
352
277
310
256
334
255
299
263
299
219
288
215
304
246
305
221
294
231
264
261
291
270
312
315
323
357
389
321
427
321
388
311
355
292
361
268
397
224
352
233
306
180
282
212
247
252
262
139
136
139
162
163
184
161
181
223
167
241
170
249
181
301
162
320
157
316
127
221
140
292
163
317
166
324
161
317
168
296
165
209
156
209
132
158
166
172
172
215
209
235
226
243
228
203
227
210
203
187
200
189
238
216
282
199
252
194
242
184
245
204
241
204
241
214
196
219
194
251
193
295
191
292
222
281
227
246
255
254
221
243
211
256
206
247
183
264
209
245
281
378
269
358
277
346
300
343
253
361
236
301
258
375
255
246
255
208
254
270
298
260
305
320
283
225
283
288
293
286
258
279
252
293
243
329
241
299
243
236
288
234
262
224
263
325
286
291
257
248
287
244
273
266
202
211
200
188
209
195
252
207
284
205
333
204
291
202
274
168
262
191
260
157
295
162
299
202
306
192
306
161
310
194
372
187
342
196
364
226
385
228
354
267
337
261
331
263
394
264
394
206
363
176
342
169
334
164
353
153
311
146
293
200
288
190
249
239
242
276
255
269
248
259
256
229
266
249
302
284
303
322
301
294
337
280
381
267
414
253
385
268
375
232
323
187
289
237
342
192
312
250
328
267
269
270
271
246
318
234
425
251
338
273
346
264
306
264
328
233
335
261
352
262
309
293
364
352
372
293
278
300
280
333
290
334
268
236
248
236
270
215
258
270
256
244
236
229
274
251
311
318
333
275
325
255
279
296
277
306
287
265
261
242
284
238
283
275
298
267
282
302
300
363
294
344
302
338
309
329
299
279
310
318
338
319
372
288
371
316
335
305
361
324
300
296
331
287
310
303
316
255
364
215
331
256
339
284
311
311
299
286
346
307
325
290
287
263
238
316
240
346
265
342
265
315
262
359
285
445
298
456
289
465
337
355
289
354
262
420
262
388
259
375
293
320
257
274
205
307
239
285
272
248
315
263
266
254
281
264
281
262
293
278
139
136
194
149
199
141
226
152
211
163
214
188
204
210
162
188
152
180
140
161
154
172
203
191
185
227
195
174
187
181
187
197
196
230
262
262
238
277
177
234
202
243
242
200
219
200
253
249
220
243
234
232
244
232
259
249
254
275
234
258
235
229
241
273
206
315
238
402
239
370
324
390
323
374
231
276
266
298
266
254
338
284
298
288
306
446
323
537
345
437
348
410
347
437
454
366
325
446
334
436
326
483
312
350
398
326
320
369
286
361
286
272
257
250
279
281
360
272
338
273
290
276
331
282
399
308
295
363
276
357
277
320
335
371
331
343
318
393
272
429
244
405
226
420
302
461
267
439
307
425
297
396
275
365
234
282
201
317
211
302
222
376
219
351
236
390
226
389
221
393
263
371
281
373
249
329
248
296
225
276
270
223
246
221
231
270
295
230
318
223
362
228
385
222
417
227
406
214
395
324
408
316
389
334
439
293
390
317
347
307
222
233
219
278
225
269
210
254
211
227
203
239
204
250
249
205
295
274
333
359
339
326
294
394
284
374
358
356
355
348
359
351
367
304
317
329
295
335
300
139
175
150
140
131
155
177
190
171
177
169
186
136
208
152
195
165
214
166
242
158
197
194
222
163
197
206
185
194
195
194
171
207
181
238
200
234
193
206
200
266
330
276
327
297
297
282
308
297
210
308
196
339
194
339
185
286
204
297
205
315
196
282
194
233
201
223
201
237
233
236
194
278
237
301
139
137
151
137
148
146
133
136
141
144
124
136
147
117
138
135
179
132
147
138
160
176
290
197
324
198
324
174
208
198
199
237
184
242
228
217
225
217
275
186
266
186
277
203
197
199
197
201
227
251
235
264
262
273
315
296
294
343
325
347
335
312
319
284
288
323
287
333
243
317
236
314
235
280
249
246
246
224
246
203
233
255
221
139
139
153
139
173
188
170
190
184
128
204
187
176
154
220
167
209
192
204
187
245
126
235
109
291
131
289
164
274
177
248
164
234
165
248
199
254
152
292
175
302
183
287
165
284
143
288
145
244
149
253
138
302
134
293
138
279
174
257
177
271
187
283
181
275
176
267
164
268
171
270
183
311
194
306
238
274
250
296
241
328
236
289
233
297
255
298
230
335
177
333
188
373
189
328
182
318
188
336
229
353
255
396
224
416
268
410
287
392
271
406
294
394
276
386
267
428
316
424
267
379
239
425
231
480
252
446
312
398
274
358
271
381
276
354
285
319
398
371
385
342
416
360
292
380
257
320
233
304
195
275
239
292
296
308
302
285
322
254
279
253
271
263
230
289
267
318
257
288
228
318
189
364
194
387
222
429
233
456
200
506
193
456
194
430
139
147
173
148
173
182
167
169
161
166
164
178
171
197
170
186
192
155
198
179
200
182
236
170
204
205
231
198
258
177
264
190
263
150
232
137
233
193
214
225
188
268
184
228
179
219
167
222
232
252
231
236
228
241
283
219
231
178
242
178
365
213
316
261
242
313
211
267
196
342
205
343
154
310
166
326
174
329
191
364
235
377
214
428
196
375
236
316
268
314
271
356
275
332
257
311
289
352
287
354
260
310
242
308
238
304
276
355
273
363
320
371
365
351
410
393
380
321
423
346
476
348
447
303
443
297
443
298
419
330
409
359
384
368
310
364
335
331
369
285
338
285
346
283
353
313
337
274
397
246
428
247
432
217
425
233
433
235
419
272
402
273
362
284
288
243
300
233
302
269
360
302
369
257
359
271
343
277
330
282
284
228
340
217
308
225
345
212
332
214
323
234
329
266
338
253
267
248
285
231
280
213
274
202
314
222
393
262
347
293
382
324
375
311
377
320
374
275
328
263
303
280
346
240
292
221
301
227
304
260
302
139
138
154
110
146
112
158
123
168
162
166
129
208
132
204
136
200
132
199
174
215
186
236
173
233
196
247
239
260
311
197
287
161
229
158
199
208
245
169
207
147
234
152
197
197
197
167
213
168
182
162
211
185
207
169
207
195
240
192
253
193
314
189
319
233
337
262
333
298
403
316
442
326
406
360
408
347
325
350
318
295
358
308
310
265
318
267
356
266
328
320
334
278
293
267
299
308
323
324
350
262
388
301
356
291
315
270
301
294
329
281
334
267
341
241
351
212
356
204
371
222
413
236
433
263
403
272
385
260
391
281
389
254
377
284
349
250
368
275
375
240
350
211
423
207
444
193
451
191
442
197
449
203
451
217
427
267
382
232
372
217
334
146
411
119
377
144
380
139
385
138
428
128
433
130
403
124
408
129
373
106
431
145
435
152
467
136
510
186
479
167
475
170
519
179
529
171
535
184
460
205
424
208
409
257
416
234
456
175
423
176
398
235
441
302
463
288
500
326
453
324
464
336
486
300
452
333
391
368
139
156
142
145
148
154
139
142
136
156
143
158
165
213
157
244
166
227
180
215
166
238
171
281
187
270
188
266
184
242
202
264
217
283
212
272
229
239
234
237
209
241
213
257
253
257
262
253
274
249
257
219
261
252
267
259
285
254
273
244
246
238
258
238
288
264
357
242
307
218
290
208
348
186
348
190
348
201
460
239
453
216
328
251
323
257
282
222
303
220
247
164
304
169
304
168
269
168
291
229
281
230
319
267
311
305
304
265
324
259
347
266
346
274
318
250
271
278
281
255
260
221
189
243
235
235
235
237
245
256
285
276
288
280
281
280
297
277
297
255
295
239
296
234
300
251
320
225
321
245
338
244
328
251
294
270
281
288
313
369
313
285
348
261
342
212
307
221
371
205
426
237
423
227
420
225
412
187
438
176
485
200
420
214
424
255
425
257
372
286
372
257
420
219
405
194
339
175
315
126
346
167
390
207
343
215
344
243
355
218
322
184
315
232
375
259
387
246
350
375
329
450
343
460
337
385
333
236
333
288
382
298
362
280
316
306
283
312
244
259
225
257
195
291
139
151
167
119
160
125
141
121
144
113
166
157
153
158
152
188
176
202
163
192
180
195
184
200
218
193
200
205
205
241
234
204
288
240
301
268
301
231
239
220
251
222
235
262
278
227
240
228
204
253
186
254
178
222
216
224
197
294
218
299
217
271
213
288
220
288
190
336
183
341
191
298
159
285
167
231
140
226
141
226
149
226
180
199
174
232
145
219
141
241
192
248
156
238
171
232
174
257
264
212
316
248
323
204
336
248
331
270
338
246
354
245
310
290
356
289
319
282
348
324
350
284
320
269
332
276
378
293
384
330
283
301
283
324
282
341
322
320
306
291
293
235
338
275
336
273
321
323
318
139
139
159
164
148
191
153
187
141
195
174
195
187
199
232
192
207
180
256
192
296
202
266
195
231
191
238
189
249
193
243
165
195
206
240
236
245
325
250
284
238
247
221
303
233
139
139
151
138
109
139
180
168
204
172
199
132
173
167
185
116
145
118
196
167
239
176
239
203
234
209
237
217
235
197
269
191
264
210
270
209
270
208
278
218
298
202
316
204
241
160
269
150
259
153
300
151
280
116
222
135
230
167
245
127
251
140
232
114
219
156
192
150
196
171
233
183
230
231
223
192
280
204
243
210
227
189
213
190
246
190
206
166
255
215
218
212
241
238
248
213
205
293
225
276
238
272
270
285
287
270
281
285
317
235
273
176
246
181
230
180
224
170
342
168
298
178
279
185
274
205
317
219
361
181
366
177
387
209
340
202
302
199
263
181
300
212
319
235
323
250
386
269
404
278
321
261
293
256
291
279
312
274
298
274
252
247
278
226
281
197
317
192
428
219
424
167
392
157
362
167
139
156
140
122
144
124
126
136
128
179
155
192
158
164
159
170
158
180
152
168
144
160
150
150
158
154
161
148
119
161
150
200
193
208
215
184
182
177
195
176
240
181
224
194
218
179
202
220
232
266
254
239
228
243
207
239
224
225
229
254
230
192
196
167
202
160
174
153
271
136
225
143
235
163
240
189
219
202
228
194
309
190
275
193
245
190
258
185
232
178
250
172
329
209
179
168
168
182
183
236
173
238
216
253
208
292
264
345
139
136
108
124
112
112
124
153
155
135
143
145
201
168
181
155
153
144
150
142
158
148
176
165
150
239
168
202
156
180
143
198
151
253
180
245
190
259
192
279
166
274
168
279
162
285
185
298
184
302
202
265
151
316
175
300
207
343
216
316
199
280
241
275
200
339
191
381
179
289
160
255
169
299
173
287
178
252
233
273
221
253
270
272
252
260
264
238
269
236
267
223
263
239
235
290
221
282
215
259
237
195
234
185
237
196
242
232
251
246
251
242
307
206
292
199
294
204
241
239
298
242
300
257
309
258
271
293
260
257
223
264
256
231
261
218
206
201
232
215
221
243
252
235
248
266
304
250
233
224
262
223
237
279
220
285
279
341
320
457
335
454
318
463
288
336
249
350
204
395
232
431
262
582
300
396
300
494
306
393
339
377
288
378
337
348
439
426
395
485
367
362
371
499
373
433
433
404
476
358
387
317
390
282
346
247
306
205
295
248
258
254
261
263
266
268
255
277
287
264
281
260
230
250
256
139
137
143
125
163
145
153
144
166
176
172
159
165
162
172
160
207
183
161
194
149
204
192
193
148
217
184
224
241
227
250
237
228
270
264
283
299
268
290
275
270
267
281
260
304
322
303
294
265
281
225
296
240
315
250
270
241
277
236
263
220
283
226
254
223
246
192
243
198
290
139
136
138
134
169
141
141
214
126
246
135
212
112
209
115
230
136
209
188
209
188
208
182
227
205
191
238
219
168
174
175
186
180
186
175
221
280
211
234
211
166
173
158
172
151
191
163
197
294
233
334
196
381
194
238
216
234
199
206
219
193
189
203
199
196
217
275
206
222
183
201
218
230
231
253
232
281
233
270
216
315
205
361
182
318
226
306
204
327
237
373
244
275
200
283
203
259
208
282
222
246
188
323
147
305
138
312
149
309
151
346
182
313
147
314
139
335
147
336
181
373
184
360
186
385
183
391
163
349
166
327
148
327
160
324
170
317
171
353
151
404
145
403
132
398
131
404
141
426
203
386
215
321
254
308
274
272
305
350
332
307
282
308
351
308
303
271
331
312
319
278
329
295
332
296
327
289
284
283
256
308
247
286
230
270
224
232
211
236
224
271
196
291
194
332
230
283
226
279
254
242
204
291
198
349
206
320
197
319
197
347
199
341
159
361
172
365
179
343
143
345
200
355
222
357
246
360
263
342
275
304
229
342
189
371
197
359
227
331
214
332
219
305
234
305
224
295
280
268
235
258
198
270
139
175
137
181
201
225
175
201
224
191
228
180
195
171
163
213
155
175
162
161
190
156
196
150
203
144
309
192
342
202
248
215
247
253
215
255
232
256
209
258
234
265
269
273
254
317
246
363
246
378
251
363
195
392
191
349
252
406
212
382
227
389
227
359
249
388
232
377
270
371
253
362
308
388
299
332
257
327
289
302
304
283
260
296
236
289
267
299
244
327
223
320
191
317
196
288
228
285
192
291
219
302
237
285
234
259
215
267
192
275
202
279
204
304
196
270
152
281
195
282
158
280
159
228
195
259
182
306
178
301
186
338
227
342
224
377
224
412
201
376
208
340
230
325
238
327
255
359
257
377
202
326
210
309
217
391
276
390
273
347
244
344
271
349
247
389
243
310
207
316
241
326
270
317
312
351
300
351
273
336
296
326
295
288
302
330
330
356
293
358
258
327
240
325
232
287
238
312
234
276
241
332
200
291
199
290
202
328
194
293
232
282
203
249
249
293
268
286
260
336
305
353
359
335
347
367
322
366
358
353
381
361
333
336
283
353
320
376
352
329
352
326
325
323
320
374
324
351
308
402
312
412
309
353
308
356
339
317
356
314
320
259
316
317
335
316
333
242
294
283
277
291
273
300
252
302
272
139
138
196
138
201
137
198
128
173
202
178
207
203
275
213
235
171
259
174
287
221
334
212
315
278
298
223
317
220
337
251
315
260
339
218
393
204
439
204
380
165
333
170
312
169
325
191
365
194
410
247
356
225
401
219
356
181
312
180
305
184
139
137
148
150
150
172
171
163
153
181
158
177
228
179
208
193
170
208
182
206
183
234
217
229
226
232
277
221
270
215
276
244
295
247
290
303
311
280
299
236
273
237
306
218
346
199
384
191
349
244
364
232
312
281
308
275
283
239
276
214
237
276
229
252
193
270
170
306
174
307
172
310
222
340
235
300
208
315
247
297
224
366
273
284
269
323
297
336
289
285
248
291
290
320
293
363
331
327
318
289
393
289
410
286
422
284
463
271
449
268
408
273
413
286
427
245
408
231
364
270
340
319
423
332
331
367
342
357
341
318
139
138
153
147
147
141
154
157
226
165
232
175
234
171
221
174
184
179
191
198
205
233
205
217
212
249
171
284
172
276
218
236
235
234
225
224
269
181
269
235
264
235
270
176
310
264
310
199
372
228
390
190
387
212
386
254
359
271
390
274
407
299
417
282
422
299
279
285
307
286
307
289
270
254
273
248
239
260
238
363
231
311
270
315
258
303
248
313
257
373
237
358
245
354
261
367
220
419
229
357
264
345
228
365
246
352
245
391
246
329
242
328
249
294
244
307
199
319
185
311
192
349
198
398
193
394
206
497
201
511
202
474
207
474
222
477
207
496
216
516
267
509
274
528
284
509
277
519
277
470
307
497
264
492
258
524
273
546
295
538
272
498
287
442
251
411
248
374
249
377
229
401
240
384
280
388
278
348
265
294
221
267
254
305
292
331
258
356
264
352
302
364
352
351
316
347
338
302
301
252
297
139
108
136
122
128
126
179
170
179
195
152
168
146
175
158
175
147
181
155
149
180
182
191
157
209
156
219
158
209
199
203
186
201
188
214
188
312
213
358
196
306
179
252
184
269
191
272
208
270
216
254
222
235
260
264
254
270
218
265
213
243
227
282
256
251
300
206
348
206
352
209
313
210
269
236
297
298
299
261
263
257
255
236
270
276
220
323
328
472
325
359
325
366
294
349
256
282
240
287
216
281
262
270
310
261
299
307
299
300
289
301
270
301
139
138
112
162
172
204
239
169
197
185
232
208
243
231
248
267
215
271
211
248
247
240
257
250
231
259
221
249
184
208
228
253
217
239
235
247
218
263
274
253
275
173
310
221
314
233
297
228
275
222
235
222
249
263
261
261
253
257
280
215
327
222
365
267
308
276
304
243
261
234
260
225
241
266
261
222
304
204
336
198
329
197
371
210
380
195
378
194
354
197
335
193
371
202
395
192
413
192
444
161
456
166
442
176
391
124
382
117
336
86
363
122
374
74
403
139
151
181
186
247
186
246
187
249
187
197
184
188
183
240
191
227
197
224
205
275
183
280
213
246
204
239
222
214
221
221
246
287
264
283
266
224
443
241
294
213
274
207
272
219
290
248
237
272
236
228
224
187
255
204
211
253
228
301
237
279
220
237
250
287
270
292
270
297
252
286
302
241
213
293
205
295
210
302
178
278
193
278
192
253
268
278
219
259
217
268
237
251
194
251
202
222
239
216
220
213
232
295
284
308
301
346
275
346
273
321
311
280
354
292
289
361
317
371
318
412
360
406
429
478
437
461
361
460
359
450
318
475
310
522
334
521
308
557
336
513
349
490
322
464
291
440
301
421
293
409
257
392
302
465
284
511
288
461
329
434
344
400
311
361
280
353
308
403
306
358
351
348
348
303
331
233
353
232
343
243
397
287
445
322
425
276
370
241
425
227
371
232
336
225
337
240
286
275
361
309
341
280
346
264
332
340
300
318
300
249
277
205
272
198
309
186
351
195
318
195
349
210
400
210
366
230
365
248
379
264
360
191
548
215
580
260
526
225
474
264
476
228
487
198
480
202
479
210
494
260
416
238
521
262
557
253
473
285
524
263
485
220
546
262
510
265
475
260
501
215
519
190
501
227
463
228
499
212
504
201
458
215
408
251
378
237
366
238
406
244
455
254
410
257
369
243
317
295
311
290
238
259
255
250
288
214
311
208
353
228
376
252
359
261
139
137
147
194
148
151
140
178
148
172
149
158
161
149
206
153
203
168
191
167
177
163
181
200
200
212
212
209
233
215
256
160
255
171
236
169
209
172
215
168
250
173
290
186
339
192
338
181
340
181
356
202
300
241
297
208
286
208
240
212
239
187
275
184
301
216
270
238
267
248
279
263
308
267
303
239
314
253
320
258
347
188
379
139
175
151
162
134
116
144
112
135
130
192
154
189
186
184
196
192
198
201
235
207
251
218
237
228
304
207
312
208
271
233
267
229
281
256
284
241
311
241
274
251
283
213
220
187
223
202
272
177
243
190
283
214
274
216
278
212
326
190
307
187
279
156
320
174
334
161
371
163
388
171
355
178
361
193
375
211
334
209
334
263
335
258
139
140
156
122
140
141
164
136
163
141
165
140
172
128
176
140
174
141
182
201
227
254
235
179
198
129
238
160
245
150
247
158
234
162
221
166
206
164
249
187
219
199
255
205
240
204
274
249
205
214
234
181
255
234
267
235
262
242
260
198
285
270
290
270
295
230
298
245
266
259
276
250
296
265
255
306
239
327
202
322
223
291
231
272
219
272
220
294
236
297
237
296
225
312
227
307
231
329
236
323
289
329
296
317
278
329
316
322
331
302
306
302
311
306
289
310
252
280
255
340
226
344
207
287
196
245
176
295
176
262
217
349
248
318
220
311
233
313
291
298
337
303
335
312
329
296
367
319
372
366
312
361
277
367
335
324
285
341
282
371
315
323
345
326
304
359
275
139
147
166
146
164
130
176
147
227
135
219
131
215
173
205
177
203
177
216
167
232
174
168
163
189
189
204
199
208
314
215
349
217
265
222
302
224
281
224
253
224
216
204
236
179
228
166
241
172
229
167
245
157
227
198
253
227
221
247
221
204
209
197
211
190
270
197
272
207
271
182
254
200
221
225
238
232
213
237
254
202
216
226
232
139
138
159
156
162
153
164
170
138
172
144
185
155
193
158
140
156
137
156
159
139
137
162
138
157
146
202
134
198
161
194
159
209
161
243
169
245
166
245
172
290
151
322
147
312
156
282
138
338
162
452
180
318
177
291
199
272
188
284
226
286
198
282
217
283
174
299
221
279
211
276
218
260
204
315
204
303
188
266
202
229
213
233
247
227
277
230
289
272
284
272
292
291
296
244
261
245
290
255
258
246
201
221
210
225
212
206
203
200
181
206
174
239
180
210
178
214
215
220
222
266
257
210
216
213
261
228
263
230
247
208
247
212
139
138
174
150
176
155
180
187
166
184
181
201
212
139
138
158
118
218
133
261
153
277
147
232
145
247
142
237
152
242
161
248
190
277
180
257
212
260
228
267
214
288
238
229
246
233
214
236
200
242
223
276
254
295
267
273
264
282
222
246
275
254
274
269
305
272
268
293
263
270
254
311
247
375
256
339
240
316
255
275
246
251
218
218
219
223
191
252
212
296
223
310
226
305
218
336
207
260
205
266
187
259
203
221
192
219
234
261
270
234
230
244
212
283
184
307
212
297
178
302
172
329
201
372
199
375
208
323
193
287
255
222
286
212
297
214
316
242
316
246
305
238
313
230
344
269
398
223
413
199
467
204
428
197
383
205
453
203
449
167
418
177
384
199
440
166
461
206
479
173
483
171
487
162
491
139
175
147
171
168
182
161
165
160
175
157
161
164
167
198
288
197
311
208
275
185
278
185
324
200
220
209
221
176
297
169
226
151
237
164
257
153
259
177
236
182
244
209
256
222
251
226
268
215
303
218
295
218
326
220
317
165
261
171
309
192
286
226
302
201
279
195
324
195
319
200
331
211
319
219
319
254
288
217
280
222
283
224
326
219
341
204
340
188
320
239
279
214
249
210
247
205
219
196
188
235
184
216
199
248
198
239
234
271
224
261
241
258
255
237
331
247
279
225
139
136
162
146
213
151
216
176
173
137
172
183
189
150
227
158
219
130
192
140
219
186
217
224
182
219
216
226
268
240
261
229
261
192
260
198
268
216
278
197
238
202
202
212
225
211
249
255
252
252
281
257
254
231
228
207
226
221
259
264
275
264
324
219
309
187
264
227
306
311
322
303
315
281
314
285
295
231
302
221
276
212
250
221
240
258
247
228
290
226
264
215
313
217
338
237
347
224
398
214
358
189
332
207
347
181
335
178
302
205
302
214
295
247
296
242
311
191
311
253
353
226
371
230
361
254
403
295
366
209
406
167
369
202
355
219
357
234
314
229
278
230
263
271
225
244
263
242
252
265
284
337
323
296
318
273
320
242
332
321
367
299
361
303
379
348
338
329
397
304
391
280
380
308
388
317
432
358
426
311
406
296
429
262
451
288
432
249
429
233
465
278
436
242
374
297
424
308
406
298
378
319
337
308
302
313
291
292
293
352
344
364
345
372
287
393
288
390
273
436
326
413
359
407
362
361
342
331
352
411
298
441
259
399
242
400
139
137
136
134
154
138
176
146
184
153
186
158
174
201
146
174
180
170
178
206
203
214
206
207
208
302
224
317
222
232
233
256
217
165
229
207
221
338
198
362
200
305
194
309
196
285
194
276
208
251
237
249
253
266
207
231
186
264
139
136
124
148
130
178
162
157
138
157
168
171
155
173
149
157
141
151
146
158
149
161
159
172
144
193
195
242
242
236
272
293
267
264
193
220
199
208
186
210
210
232
240
227
248
232
257
233
247
224
255
218
226
205
316
223
296
236
289
243
210
281
261
313
232
363
180
326
169
303
180
324
221
365
224
334
223
341
217
329
213
343
187
330
152
322
137
387
198
363
207
413
246
384
234
389
235
408
256
419
282
454
287
501
260
499
250
433
238
423
331
372
260
359
216
373
256
343
250
314
248
243
237
278
247
268
219
274
212
280
239
230
249
245
270
274
237
277
239
281
251
274
245
226
235
258
268
264
215
215
224
204
251
211
297
244
288
305
322
280
306
187
269
200
270
296
275
198
250
193
279
198
297
291
302
271
257
232
219
228
236
299
228
300
230
313
226
351
219
267
238
252
224
219
226
219
250
252
252
287
247
235
285
232
296
235
334
290
360
255
329
236
413
267
328
248
310
251
328
213
364
208
348
213
349
252
335
254
366
244
364
244
373
259
371
232
345
217
367
264
332
222
330
256
313
242
343
243
421
301
416
268
406
271
340
267
396
251
354
293
387
265
367
225
361
267
356
285
295
254
293
236
318
262
364
260
268
229
240
247
245
253
272
309
241
266
217
295
218
294
216
335
211
341
240
337
232
313
247
340
289
293
279
296
282
295
223
328
225
325
248
276
237
244
237
175
280
190
343
215
354
223
347
207
312
218
289
256
290
314
291
306
304
269
303
283
269
315
246
324
219
367
252
373
248
367
261
372
314
329
288
326
318
335
307
319
261
293
297
289
307
289
363
289
367
287
408
273
525
274
472
287
413
275
473
261
420
238
408
243
387
218
352
218
336
241
473
202
488
233
481
263
517
260
507
222
464
195
505
195
474
209
474
139
137
137
163
115
252
145
207
142
195
200
180
180
185
186
175
232
196
236
200
257
238
264
201
270
181
292
247
293
242
315
249
323
217
272
223
333
210
279
193
303
244
313
262
316
234
269
190
308
144
386
144
373
153
371
155
334
148
279
156
253
177
245
262
267
274
268
313
260
289
308
295
351
247
343
247
317
225
337
221
307
251
311
233
281
273
284
223
200
225
249
222
260
229
219
189
261
195
269
201
285
263
139
175
143
170
177
161
155
170
180
172
163
192
179
180
180
177
198
176
208
161
190
151
206
160
182
186
193
208
182
200
186
227
200
240
189
228
191
228
188
261
177
222
180
251
167
301
167
297
169
289
245
290
230
271
225
267
181
274
173
230
178
259
216
248
227
248
238
251
232
234
200
215
226
209
256
193
242
215
285
174
332
203
338
210
349
220
380
208
375
139
156
139
136
146
156
143
165
150
264
164
241
151
294
133
339
144
219
186
183
182
198
213
209
217
214
236
246
232
179
194
153
241
218
227
207
229
203
331
207
329
194
199
147
295
194
193
195
207
204
136
287
189
221
163
209
187
199
164
208
175
218
256
258
266
236
227
242
234
248
297
263
331
261
308
212
311
219
290
214
300
228
316
220
299
222
268
202
203
217
213
202
210
238
236
257
294
223
227
139
144
112
165
114
170
141
193
122
162
124
152
162
176
208
187
204
191
202
203
201
239
174
180
170
211
211
213
213
209
215
254
244
251
245
258
215
231
224
238
218
232
250
249
269
292
265
276
272
248
256
296
282
282
331
251
326
250
356
212
367
228
278
261
247
319
139
122
134
141
119
150
171
212
183
165
179
205
191
203
181
202
177
205
182
251
179
187
152
236
184
253
182
239
267
242
229
255
244
261
269
235
265
225
236
235
297
216
272
209
280
231
277
182
283
193
304
201
253
196
263
205
242
206
251
223
249
262
253
210
274
209
296
203
304
207
282
196
258
173
233
173
196
189
243
221
296
221
289
229
330
197
374
207
388
243
431
251
421
249
375
244
331
246
329
256
345
227
393
259
430
221
453
272
452
223
380
195
381
212
361
251
325
287
288
284
390
319
352
362
384
362
329
318
319
360
365
333
410
319
426
322
369
351
381
326
366
364
327
350
285
394
189
357
187
401
185
371
226
370
239
377
256
369
262
366
272
371
275
344
269
313
309
363
315
412
306
331
370
365
326
312
364
303
357
270
360
265
328
299
373
339
366
308
352
360
325
394
310
341
278
330
314
334
296
330
310
371
312
369
321
311
306
296
305
345
344
333
336
358
406
335
390
320
372
294
307
336
291
327
246
311
251
347
265
306
232
307
234
338
259
322
236
401
211
405
219
402
216
343
242
307
205
330
210
343
205
400
211
361
258
323
259
272
316
317
325
306
368
348
392
380
398
423
342
384
343
309
451
336
391
340
366
382
338
344
362
337
325
377
367
382
365
358
420
374
296
351
330
359
355
416
345
368
319
361
310
405
330
418
348
397
295
372
283
330
260
301
244
301
262
337
262
295
218
317
232
319
256
313
284
139
137
150
118
130
126
142
124
122
137
165
136
179
119
112
162
187
187
222
200
194
195
199
139
146
142
139
138
152
149
173
154
171
149
173
154
177
155
153
126
156
167
185
178
165
190
196
253
170
254
139
202
160
235
164
236
190
233
167
212
159
202
162
208
159
245
197
237
244
271
232
307
231
280
299
306
270
294
306
332
312
283
300
263
298
270
287
267
248
273
254
258
282
258
288
225
293
229
326
195
297
178
297
199
321
341
318
217
286
226
290
261
286
240
322
217
272
192
310
231
268
268
269
237
296
278
296
298
315
300
354
283
372
323
316
271
364
306
358
316
389
360
374
409
341
400
310
359
286
334
302
318
250
302
139
146
171
150
179
179
171
174
155
173
166
194
158
179
162
147
179
173
203
167
197
197
209
200
200
197
201
248
194
256
236
265
223
261
225
269
223
236
208
235
231
236
226
228
225
244
227
192
192
164
196
162
241
186
295
195
290
206
289
189
285
188
362
195
343
187
336
194
367
196
316
246
357
267
315
241
309
244
307
283
291
269
291
262
290
247
346
260
317
255
268
243
248
286
216
317
204
313
212
311
241
343
240
347
236
349
253
316
288
347
279
330
307
311
312
316
306
309
328
293
312
296
271
288
250
268
249
258
235
282
271
307
260
290
307
321
350
333
346
307
307
301
326
337
327
299
337
323
296
338
351
315
398
314
394
287
357
248
318
250
284
211
321
236
312
271
338
272
350
273
344
233
310
275
345
309
363
309
361
320
324
335
297
360
295
350
313
305
330
261
320
262
323
216
293
267
304
252
312
238
139
139
156
152
152
139
144
216
157
234
154
180
177
169
162
182
165
197
175
215
173
203
144
240
195
291
200
272
201
267
212
260
152
230
149
185
202
169
202
166
177
177
172
196
209
196
218
215
213
237
196
234
212
225
177
269
181
205
181
268
183
309
179
259
162
258
161
226
193
271
238
256
250
236
216
211
139
139
166
196
171
176
180
204
164
202
179
183
180
260
139
108
138
114
157
123
175
112
270
159
270
157
224
156
178
153
180
139
179
168
202
161
213
161
202
124
139
139
139
146
134
149
148
145
199
158
228
135
225
153
201
166
221
158
224
164
232
165
265
171
230
213
226
242
239
194
236
230
236
229
244
226
242
266
291
252
302
257
303
221
293
218
251
251
251
264
244
280
281
286
288
296
299
317
280
248
260
260
290
247
297
248
288
243
285
207
279
258
238
294
253
311
248
321
219
302
206
341
240
346
200
301
219
271
228
283
255
328
269
323
256
292
201
317
197
327
243
298
259
289
300
254
300
276
290
242
267
320
255
334
225
317
269
319
305
296
278
249
335
255
346
267
366
302
277
324
333
321
299
304
251
260
263
247
259
265
139
138
154
168
158
168
165
146
166
134
131
152
130
197
166
197
177
204
135
208
152
174
209
179
286
175
249
180
291
177
297
173
290
193
251
207
261
215
177
219
210
220
176
187
204
195
184
222
186
233
196
203
191
251
178
246
162
262
190
340
226
305
258
294
261
331
300
307
304
278
303
264
308
172
258
184
267
212
237
185
257
186
213
215
247
218
213
213
240
246
233
253
223
240
258
207
308
265
291
263
284
309
285
295
316
284
335
230
383
245
395
254
380
269
343
228
312
286
355
299
340
336
328
319
296
286
283
307
277
353
257
353
241
332
240
296
198
352
179
301
204
316
196
339
202
377
169
394
228
377
169
355
252
392
254
416
235
434
229
487
236
478
231
490
234
500
236
493
226
443
268
450
246
402
264
379
281
391
232
371
257
350
266
459
271
422
299
394
280
431
139
138
161
109
136
114
159
131
171
142
197
133
180
144
175
169
212
185
203
158
189
180
225
192
225
169
286
139
313
177
280
157
278
116
294
138
139
112
144
115
151
133
159
141
164
174
153
194
191
206
204
204
244
186
209
158
209
196
198
224
172
267
135
269
142
271
223
335
225
325
205
344
256
338
294
302
266
297
242
139
138
153
172
176
154
139
164
131
174
138
224
217
234
227
265
227
219
175
204
182
185
257
139
175
148
202
159
138
136
139
137
117
157
141
193
161
160
145
193
164
204
123
183
179
193
149
204
202
207
235
216
236
223
222
193
223
208
234
159
192
195
186
159
217
190
221
205
228
205
267
202
253
206
347
180
317
174
274
165
268
183
292
161
277
153
225
165
317
183
389
229
276
190
298
200
287
247
282
248
274
249
236
257
240
239
233
240
260
254
248
292
236
263
237
255
276
277
241
282
250
240
244
235
244
293
248
299
262
294
269
288
261
336
307
381
300
367
268
403
303
354
297
353
302
360
257
313
323
299
290
309
402
366
290
318
271
327
251
292
296
321
300
272
376
287
361
251
332
245
309
215
325
221
317
251
347
276
307
256
330
224
350
254
362
245
378
199
412
214
410
248
369
242
363
219
366
214
388
214
399
196
423
240
395
289
355
292
352
286
355
319
501
245
446
139
139
140
140
144
126
127
134
156
155
157
175
156
194
191
204
187
189
169
197
180
211
166
190
179
139
142
140
139
142
141
142
185
146
189
170
195
166
202
162
213
170
235
190
236
175
235
178
206
186
214
150
196
146
196
196
236
196
236
210
243
224
238
192
282
178
310
171
270
174
300
168
299
192
294
236
353
233
308
256
333
240
313
215
319
184
362
201
364
215
347
233
347
249
338
290
337
311
347
344
347
340
295
353
247
317
289
337
274
326
272
325
256
303
223
273
216
248
220
243
234
284
225
352
207
480
226
416
193
461
193
474
202
487
233
489
238
485
240
414
218
393
209
390
248
288
254
388
251
429
139
139
152
